sample,trading_day,strategy_id,outcome,pnl_r_raw,pnl_r_effective,scratch,null_pnl_non_scratch,target_price,stop_price,direction
IS,2025-08-21T00:00:00,,loss,-0.75,-0.75,0,0,23348.0,23199.5,long
IS,2025-08-22T00:00:00,,win,0.9577,0.9577,0,0,23341.25,23206.25,long
IS,2025-08-25T00:00:00,,win,0.9612,0.9612,0,0,23592.5,23445.0,long
IS,2025-08-26T00:00:00,,loss,-0.75,-0.75,0,0,23564.25,23466.25,long
IS,2025-08-27T00:00:00,,loss,-0.75,-0.75,0,0,23488.0,23559.5,short
IS,2025-08-28T00:00:00,,loss,-0.75,-0.75,0,0,23514.75,23743.25,short
IS,2025-08-29T00:00:00,,win,0.926,0.926,0,0,23592.0,23668.0,short
IS,2025-09-01T00:00:00,,scratch,-0.4819,-0.4819,1,0,23511.75,23443.25,long
IS,2025-09-02T00:00:00,,win,0.9627,0.9627,0,0,23178.5,23025.0,long
IS,2025-09-03T00:00:00,,loss,-0.75,-0.75,0,0,23321.5,23438.0,short
IS,2025-09-04T00:00:00,,loss,-0.75,-0.75,0,0,23377.75,23536.25,short
IS,2025-09-05T00:00:00,,loss,-0.75,-0.75,0,0,23788.0,23902.5,short
IS,2025-09-08T00:00:00,,win,0.9435,0.9435,0,0,23871.75,23771.25,long
IS,2025-09-09T00:00:00,,win,0.9199,0.9199,0,0,23787.75,23857.75,short
IS,2025-09-10T00:00:00,,loss,-0.75,-0.75,0,0,23862.75,24000.75,short
IS,2025-09-11T00:00:00,,win,0.9086,0.9086,0,0,23936.75,23997.75,short
IS,2025-09-12T00:00:00,,loss,-0.75,-0.75,0,0,23988.5,24063.5,short
IS,2025-09-15T00:00:00,,win,0.9304,0.9304,0,0,24253.0,24172.0,long
IS,2025-09-16T00:00:00,,win,0.9312,0.9312,0,0,24518.25,24600.25,short
IS,2025-09-17T00:00:00,,win,0.9372,0.9372,0,0,24450.75,24540.75,short
IS,2025-09-18T00:00:00,,win,0.9483,0.9483,0,0,24598.75,24708.75,short
IS,2025-09-19T00:00:00,,loss,-0.75,-0.75,0,0,24700.25,24783.75,short
IS,2025-09-22T00:00:00,,loss,-0.75,-0.75,0,0,24899.25,24814.25,long
IS,2025-09-23T00:00:00,,win,0.8853,0.8853,0,0,24961.75,25009.75,short
IS,2025-09-24T00:00:00,,win,0.9598,0.9598,0,0,24756.75,24899.25,short
IS,2025-09-25T00:00:00,,win,0.9545,0.9545,0,0,24453.25,24578.75,short
IS,2025-09-26T00:00:00,,loss,-0.75,-0.75,0,0,24805.75,24596.75,long
IS,2025-09-29T00:00:00,,win,0.9283,0.9283,0,0,24926.75,24848.25,long
IS,2025-09-30T00:00:00,,loss,-0.75,-0.75,0,0,24684.75,24830.75,short
IS,2025-10-01T00:00:00,,loss,-0.75,-0.75,0,0,24650.25,24836.25,short
IS,2025-10-02T00:00:00,,win,0.9492,0.9492,0,0,25057.0,25169.0,short
IS,2025-10-03T00:00:00,,loss,-0.75,-0.75,0,0,25075.25,25164.25,short
IS,2025-10-06T00:00:00,,loss,-0.75,-0.75,0,0,25090.25,25221.75,short
IS,2025-10-07T00:00:00,,loss,-0.75,-0.75,0,0,25279.0,25217.0,long
IS,2025-10-08T00:00:00,,win,0.954,0.954,0,0,25197.25,25073.25,long
IS,2025-10-09T00:00:00,,win,0.9265,0.9265,0,0,25258.25,25334.75,short
IS,2025-10-10T00:00:00,,loss,-0.75,-0.75,0,0,25400.25,25293.75,long
IS,2025-10-13T00:00:00,,loss,-0.75,-0.75,0,0,24673.25,24842.75,short
IS,2025-10-14T00:00:00,,win,0.9653,0.9653,0,0,24476.5,24642.0,short
IS,2025-10-15T00:00:00,,loss,-0.75,-0.75,0,0,24886.75,25004.25,short
IS,2025-10-16T00:00:00,,loss,-0.75,-0.75,0,0,24975.5,25106.0,short
IS,2025-10-17T00:00:00,,loss,-0.75,-0.75,0,0,24886.75,24699.75,long
IS,2025-10-20T00:00:00,,win,0.967,0.967,0,0,25288.75,25114.75,long
IS,2025-10-21T00:00:00,,win,0.9418,0.9418,0,0,25207.0,25304.5,short
IS,2025-10-22T00:00:00,,loss,-0.75,-0.75,0,0,25364.0,25179.5,long
IS,2025-10-23T00:00:00,,win,0.9424,0.9424,0,0,25097.25,24998.75,long
IS,2025-10-24T00:00:00,,loss,-0.75,-0.75,0,0,25559.0,25430.0,long
IS,2025-10-27T00:00:00,,loss,-0.75,-0.75,0,0,25766.75,25859.75,short
IS,2025-10-28T00:00:00,,loss,-0.75,-0.75,0,0,26003.0,26094.0,short
IS,2025-10-29T00:00:00,,loss,-0.75,-0.75,0,0,26236.0,26292.5,short
IS,2025-10-30T00:00:00,,win,0.9661,0.9661,0,0,25958.0,26127.5,short
IS,2025-10-31T00:00:00,,win,0.9483,0.9483,0,0,26089.5,26199.5,short
IS,2025-11-03T00:00:00,,win,0.93,0.93,0,0,26185.25,26265.75,short
IS,2025-11-04T00:00:00,,win,0.9695,0.9695,0,0,25851.5,25663.0,long
IS,2025-11-05T00:00:00,,loss,-0.75,-0.75,0,0,25423.75,25577.25,short
IS,2025-11-06T00:00:00,,loss,-0.75,-0.75,0,0,25576.25,25684.75,short
IS,2025-11-07T00:00:00,,win,0.957,0.957,0,0,24978.5,25111.5,short
IS,2025-11-10T00:00:00,,win,0.958,0.958,0,0,25660.0,25524.0,long
IS,2025-11-11T00:00:00,,loss,-0.75,-0.75,0,0,25555.25,25635.25,short
IS,2025-11-12T00:00:00,,win,0.973,0.973,0,0,25567.0,25780.5,short
IS,2025-11-13T00:00:00,,win,0.9621,0.9621,0,0,25350.5,25501.5,short
IS,2025-11-14T00:00:00,,win,0.9786,0.9786,0,0,24896.0,24626.0,long
IS,2025-11-17T00:00:00,,win,0.9799,0.9799,0,0,25242.25,24955.25,long
IS,2025-11-18T00:00:00,,win,0.9827,0.9827,0,0,24496.5,24832.0,short
IS,2025-11-19T00:00:00,,win,0.9639,0.9639,0,0,24731.75,24572.75,long
IS,2025-11-20T00:00:00,,loss,-0.75,-0.75,0,0,25333.5,25151.5,long
IS,2025-11-21T00:00:00,,loss,-0.75,-0.75,0,0,24036.0,24280.0,short
IS,2025-11-24T00:00:00,,win,0.9831,0.9831,0,0,24856.5,24513.5,long
IS,2025-11-25T00:00:00,,win,0.9559,0.9559,0,0,24752.5,24882.0,short
IS,2025-11-26T00:00:00,,loss,-0.75,-0.75,0,0,25144.5,25271.0,short
IS,2025-11-27T00:00:00,,scratch,-0.0114,-0.0114,1,0,25284.0,25318.0,short
IS,2025-11-28T00:00:00,,loss,-0.75,-0.75,0,0,25442.0,25352.5,long
IS,2025-12-01T00:00:00,,loss,-0.75,-0.75,0,0,25366.0,25234.0,long
IS,2025-12-02T00:00:00,,win,0.9492,0.9492,0,0,25583.25,25471.25,long
IS,2025-12-03T00:00:00,,loss,-0.75,-0.75,0,0,25376.5,25538.0,short
IS,2025-12-04T00:00:00,,scratch,-0.4773,-0.4773,1,0,25406.25,25713.25,short
IS,2025-12-05T00:00:00,,loss,-0.75,-0.75,0,0,25878.0,25676.5,long
IS,2025-12-08T00:00:00,,win,0.9653,0.9653,0,0,25695.25,25860.75,short
IS,2025-12-09T00:00:00,,win,0.9638,0.9638,0,0,25718.5,25560.0,long
IS,2025-12-10T00:00:00,,loss,-0.75,-0.75,0,0,25553.75,25663.25,short
IS,2025-12-11T00:00:00,,win,0.9669,0.9669,0,0,25476.25,25649.75,short
IS,2025-12-12T00:00:00,,loss,-0.75,-0.75,0,0,25653.5,25522.0,long
IS,2025-12-15T00:00:00,,win,0.97,0.97,0,0,25218.5,25410.0,short
IS,2025-12-16T00:00:00,,loss,-0.75,-0.75,0,0,25429.75,25209.75,long
IS,2025-12-17T00:00:00,,win,0.9494,0.9494,0,0,25336.75,25449.25,short
IS,2025-12-18T00:00:00,,win,0.9609,0.9609,0,0,25183.0,25329.5,short
IS,2025-12-19T00:00:00,,win,0.9724,0.9724,0,0,25565.25,25356.25,long
IS,2025-12-22T00:00:00,,scratch,-0.0777,-0.0777,1,0,25593.0,25795.0,short
IS,2025-12-23T00:00:00,,loss,-0.75,-0.75,0,0,25837.5,25638.0,long
IS,2025-12-24T00:00:00,,win,0.9385,0.9385,0,0,25873.75,25781.75,long
IS,2025-12-26T00:00:00,,loss,-0.75,-0.75,0,0,25960.0,25864.5,long
IS,2025-12-29T00:00:00,,win,0.9545,0.9545,0,0,25789.75,25664.25,long
IS,2025-12-30T00:00:00,,loss,-0.75,-0.75,0,0,25645.0,25733.0,short
IS,2025-12-31T00:00:00,,win,0.932,0.932,0,0,25609.25,25692.25,short
IS,2020-01-03T00:00:00,,scratch,-0.2928,-0.2928,1,0,8880.0,8770.5,long
IS,2020-01-06T00:00:00,,win,0.9255,0.9255,0,0,8804.0,8728.5,long
IS,2020-01-07T00:00:00,,loss,-0.75,-0.75,0,0,8892.75,8856.75,long
IS,2020-01-08T00:00:00,,win,0.9146,0.9146,0,0,8913.5,8848.0,long
IS,2020-01-09T00:00:00,,loss,-0.75,-0.75,0,0,9035.25,9001.25,long
IS,2020-01-10T00:00:00,,loss,-0.75,-0.75,0,0,8989.75,9041.75,short
IS,2020-01-13T00:00:00,,loss,-0.75,-0.75,0,0,8999.75,9030.25,short
IS,2020-01-14T00:00:00,,win,0.8639,0.8639,0,0,9046.25,9086.25,short
IS,2020-01-15T00:00:00,,loss,-0.75,-0.75,0,0,9103.0,9051.0,long
IS,2020-01-21T00:00:00,,win,0.8623,0.8623,0,0,9191.75,9152.25,long
IS,2020-01-22T00:00:00,,win,0.8141,0.8141,0,0,9240.5,9212.0,long
IS,2020-01-23T00:00:00,,loss,-0.75,-0.75,0,0,9122.75,9201.25,short
IS,2020-01-27T00:00:00,,win,0.932,0.932,0,0,9009.0,8926.0,long
IS,2020-01-28T00:00:00,,loss,-0.75,-0.75,0,0,8990.25,9039.75,short
IS,2020-01-29T00:00:00,,loss,-0.75,-0.75,0,0,9167.5,9139.0,long
IS,2020-01-30T00:00:00,,loss,-0.75,-0.75,0,0,9138.5,9044.5,long
IS,2020-01-31T00:00:00,,win,0.932,0.932,0,0,9101.0,9184.0,short
IS,2020-02-03T00:00:00,,win,0.9177,0.9177,0,0,9103.75,9035.75,long
IS,2020-02-04T00:00:00,,loss,-0.75,-0.75,0,0,9198.0,9269.5,short
IS,2020-02-05T00:00:00,,win,0.9114,0.9114,0,0,9394.75,9457.75,short
IS,2020-02-06T00:00:00,,loss,-0.75,-0.75,0,0,9341.5,9408.0,short
IS,2020-02-07T00:00:00,,loss,-0.75,-0.75,0,0,9464.0,9385.5,long
IS,2020-02-10T00:00:00,,win,0.9274,0.9274,0,0,9455.25,9377.75,long
IS,2020-02-11T00:00:00,,loss,-0.75,-0.75,0,0,9524.25,9581.75,short
IS,2020-02-12T00:00:00,,loss,-0.75,-0.75,0,0,9623.5,9579.0,long
IS,2020-02-13T00:00:00,,win,0.9269,0.9269,0,0,9616.25,9539.25,long
IS,2020-02-14T00:00:00,,loss,-0.75,-0.75,0,0,9587.25,9638.75,short
IS,2020-02-17T00:00:00,,loss,-0.75,-0.75,0,0,9670.0,9656.5,long
IS,2020-02-18T00:00:00,,loss,-0.75,-0.75,0,0,9648.5,9575.0,long
IS,2020-02-19T00:00:00,,win,0.8886,0.8886,0,0,9731.0,9681.5,long
IS,2020-02-20T00:00:00,,loss,-0.75,-0.75,0,0,9679.0,9719.0,short
IS,2020-02-21T00:00:00,,win,0.9107,0.9107,0,0,9542.25,9604.75,short
IS,2020-02-24T00:00:00,,loss,-0.75,-0.75,0,0,9251.5,9041.0,long
IS,2020-02-25T00:00:00,,win,0.9509,0.9509,0,0,9074.75,9190.75,short
IS,2020-02-26T00:00:00,,win,0.9529,0.9529,0,0,9001.0,8880.0,long
IS,2020-02-27T00:00:00,,loss,-0.75,-0.75,0,0,8740.25,8636.25,long
IS,2020-02-28T00:00:00,,loss,-0.75,-0.75,0,0,8452.75,8124.25,long
IS,2020-03-02T00:00:00,,loss,-0.75,-0.75,0,0,8453.5,8596.5,short
IS,2020-03-03T00:00:00,,win,0.9531,0.9531,0,0,8783.0,8904.5,short
IS,2020-03-04T00:00:00,,win,0.9388,0.9388,0,0,8690.5,8783.0,short
IS,2020-03-05T00:00:00,,loss,-0.75,-0.75,0,0,8824.25,8701.75,long
IS,2020-03-06T00:00:00,,loss,-0.75,-0.75,0,0,8297.5,8457.5,short
IS,2020-03-09T00:00:00,,loss,-0.75,-0.75,0,0,8244.0,7801.0,long
IS,2020-03-10T00:00:00,,loss,-0.75,-0.75,0,0,8122.25,8244.75,short
IS,2020-03-11T00:00:00,,loss,-0.75,-0.75,0,0,8073.75,8217.25,short
IS,2020-03-12T00:00:00,,win,0.9643,0.9643,0,0,7364.25,7524.75,short
IS,2020-03-13T00:00:00,,win,0.97,0.97,0,0,7530.25,7721.75,short
IS,2020-03-17T00:00:00,,win,0.967,0.967,0,0,7061.75,7235.75,short
IS,2020-03-18T00:00:00,,loss,-0.75,-0.75,0,0,7423.5,6944.0,long
IS,2020-03-19T00:00:00,,loss,-0.75,-0.75,0,0,6935.25,7193.75,short
IS,2020-03-20T00:00:00,,loss,-0.75,-0.75,0,0,7504.0,7376.0,long
IS,2020-03-23T00:00:00,,loss,-0.75,-0.75,0,0,6771.75,7010.25,short
IS,2020-03-24T00:00:00,,loss,-0.75,-0.75,0,0,7506.75,7329.75,long
IS,2020-03-25T00:00:00,,loss,-0.75,-0.75,0,0,7736.0,7484.5,long
IS,2020-03-26T00:00:00,,loss,-0.75,-0.75,0,0,7724.25,7514.25,long
IS,2020-03-27T00:00:00,,loss,-0.75,-0.75,0,0,7719.25,7635.25,long
IS,2020-03-30T00:00:00,,loss,-0.75,-0.75,0,0,7586.5,7712.0,short
IS,2020-03-31T00:00:00,,loss,-0.75,-0.75,0,0,7893.25,7818.25,long
IS,2020-04-01T00:00:00,,loss,-0.75,-0.75,0,0,7649.25,7559.25,long
IS,2020-04-02T00:00:00,,loss,-0.75,-0.75,0,0,7318.5,7514.5,short
IS,2020-04-03T00:00:00,,loss,-0.75,-0.75,0,0,7687.75,7570.75,long
IS,2020-04-06T00:00:00,,loss,-0.75,-0.75,0,0,7714.0,7811.5,short
IS,2020-04-07T00:00:00,,win,0.9391,0.9391,0,0,8205.75,8298.75,short
IS,2020-04-08T00:00:00,,loss,-0.75,-0.75,0,0,8073.75,8154.75,short
IS,2020-04-09T00:00:00,,loss,-0.75,-0.75,0,0,8348.0,8237.5,long
IS,2020-04-13T00:00:00,,win,0.9033,0.9033,0,0,8234.0,8176.5,long
IS,2020-04-14T00:00:00,,win,0.9459,0.9459,0,0,8562.0,8457.0,long
IS,2020-04-15T00:00:00,,loss,-0.75,-0.75,0,0,8591.0,8527.0,long
IS,2020-04-16T00:00:00,,win,0.9114,0.9114,0,0,8634.5,8697.5,short
IS,2020-04-17T00:00:00,,win,0.9505,0.9505,0,0,8756.5,8871.5,short
IS,2020-04-20T00:00:00,,loss,-0.75,-0.75,0,0,8810.0,8729.5,long
IS,2020-04-21T00:00:00,,win,0.9381,0.9381,0,0,8560.25,8651.75,short
IS,2020-04-22T00:00:00,,loss,-0.75,-0.75,0,0,8613.5,8541.5,long
IS,2020-04-23T00:00:00,,win,0.9538,0.9538,0,0,8785.25,8661.75,long
IS,2020-04-24T00:00:00,,win,0.9308,0.9308,0,0,8585.75,8667.25,short
IS,2020-04-27T00:00:00,,loss,-0.75,-0.75,0,0,8803.75,8859.25,short
IS,2020-04-28T00:00:00,,win,0.9381,0.9381,0,0,8813.75,8905.25,short
IS,2020-04-29T00:00:00,,loss,-0.75,-0.75,0,0,8804.5,8864.5,short
IS,2020-04-30T00:00:00,,loss,-0.75,-0.75,0,0,8918.0,9017.5,short
IS,2020-05-01T00:00:00,,loss,-0.75,-0.75,0,0,8902.5,8780.0,long
IS,2020-05-04T00:00:00,,win,0.9241,0.9241,0,0,8724.5,8650.5,long
IS,2020-05-05T00:00:00,,win,0.941,0.941,0,0,8991.0,8895.0,long
IS,2020-05-06T00:00:00,,loss,-0.75,-0.75,0,0,9056.25,8972.25,long
IS,2020-05-07T00:00:00,,win,0.9171,0.9171,0,0,9040.0,9107.5,short
IS,2020-05-08T00:00:00,,loss,-0.75,-0.75,0,0,9083.25,9168.75,short
IS,2020-05-11T00:00:00,,win,0.9165,0.9165,0,0,9214.5,9147.5,long
IS,2020-05-12T00:00:00,,win,0.9388,0.9388,0,0,9253.25,9345.75,short
IS,2020-05-13T00:00:00,,loss,-0.75,-0.75,0,0,9001.25,9141.25,short
IS,2020-05-14T00:00:00,,loss,-0.75,-0.75,0,0,9006.25,8923.75,long
IS,2020-05-15T00:00:00,,loss,-0.75,-0.75,0,0,8915.75,8997.25,short
IS,2020-05-18T00:00:00,,loss,-0.75,-0.75,0,0,9305.5,9247.0,long
IS,2020-05-19T00:00:00,,win,0.9324,0.9324,0,0,9397.0,9313.5,long
IS,2020-05-20T00:00:00,,win,0.9041,0.9041,0,0,9459.75,9401.75,long
IS,2020-05-21T00:00:00,,loss,-0.75,-0.75,0,0,9510.75,9469.25,long
IS,2020-05-22T00:00:00,,loss,-0.75,-0.75,0,0,9309.0,9368.5,short
IS,2023-07-13T00:00:00,,loss,-0.75,-0.75,0,0,15641.75,15552.25,long
IS,2023-07-14T00:00:00,,win,0.9388,0.9388,0,0,15813.5,15721.0,long
IS,2023-07-17T00:00:00,,loss,-0.75,-0.75,0,0,15803.25,15726.25,long
IS,2023-07-18T00:00:00,,loss,-0.75,-0.75,0,0,15723.0,15816.0,short
IS,2023-07-19T00:00:00,,loss,-0.75,-0.75,0,0,16091.5,15978.0,long
IS,2023-07-20T00:00:00,,loss,-0.75,-0.75,0,0,15939.5,15831.5,long
IS,2023-07-21T00:00:00,,loss,-0.75,-0.75,0,0,15593.0,15719.5,short
IS,2023-07-24T00:00:00,,win,0.9354,0.9354,0,0,15529.75,15617.25,short
IS,2023-07-25T00:00:00,,win,0.926,0.926,0,0,15664.25,15588.25,long
IS,2023-07-26T00:00:00,,loss,-0.75,-0.75,0,0,15500.5,15639.0,short
IS,2023-07-27T00:00:00,,loss,-0.75,-0.75,0,0,15906.25,15822.75,long
IS,2023-07-28T00:00:00,,win,0.9255,0.9255,0,0,15791.0,15715.5,long
IS,2023-07-31T00:00:00,,loss,-0.75,-0.75,0,0,15940.75,15845.25,long
IS,2023-08-01T00:00:00,,loss,-0.75,-0.75,0,0,15840.0,15765.0,long
IS,2023-08-02T00:00:00,,win,0.9404,0.9404,0,0,15573.75,15668.75,short
IS,2023-08-03T00:00:00,,win,0.934,0.934,0,0,15436.5,15351.0,long
IS,2023-08-04T00:00:00,,loss,-0.75,-0.75,0,0,15620.75,15496.75,long
IS,2023-08-07T00:00:00,,win,0.9529,0.9529,0,0,15352.25,15473.25,short
IS,2023-08-08T00:00:00,,loss,-0.75,-0.75,0,0,15320.5,15379.5,short
IS,2023-08-09T00:00:00,,win,0.9146,0.9146,0,0,15303.5,15369.0,short
IS,2023-08-10T00:00:00,,win,0.9509,0.9509,0,0,15389.25,15273.25,long
IS,2023-08-11T00:00:00,,loss,-0.75,-0.75,0,0,15127.75,15057.25,long
IS,2023-08-14T00:00:00,,win,0.9332,0.9332,0,0,15120.75,15036.25,long
IS,2023-08-15T00:00:00,,loss,-0.75,-0.75,0,0,15278.5,15212.0,long
IS,2023-08-16T00:00:00,,win,0.93,0.93,0,0,15131.25,15050.75,long
IS,2023-08-17T00:00:00,,win,0.9324,0.9324,0,0,14924.5,15008.0,short
IS,2023-08-18T00:00:00,,loss,-0.75,-0.75,0,0,14725.75,14622.75,long
IS,2023-08-21T00:00:00,,win,0.934,0.934,0,0,14891.0,14805.5,long
IS,2023-08-22T00:00:00,,win,0.9017,0.9017,0,0,15035.75,15092.25,short
IS,2023-08-23T00:00:00,,loss,-0.75,-0.75,0,0,15076.75,14999.25,long
IS,2023-08-24T00:00:00,,win,0.9666,0.9666,0,0,15167.5,15339.5,short
IS,2023-08-25T00:00:00,,win,0.9336,0.9336,0,0,14977.0,14892.0,long
IS,2023-08-28T00:00:00,,loss,-0.75,-0.75,0,0,15169.75,15060.25,long
IS,2023-08-29T00:00:00,,win,0.9435,0.9435,0,0,15162.75,15062.25,long
IS,2023-08-30T00:00:00,,loss,-0.75,-0.75,0,0,15379.0,15445.0,short
IS,2023-08-31T00:00:00,,loss,-0.75,-0.75,0,0,15619.25,15488.75,long
IS,2023-09-01T00:00:00,,win,0.9328,0.9328,0,0,15568.0,15652.0,short
IS,2023-09-04T00:00:00,,win,0.7506,0.7506,0,0,15574.75,15554.25,long
IS,2023-09-05T00:00:00,,loss,-0.75,-0.75,0,0,15535.0,15460.5,long
IS,2023-09-06T00:00:00,,loss,-0.75,-0.75,0,0,15541.5,15467.5,long
IS,2023-09-07T00:00:00,,loss,-0.75,-0.75,0,0,15249.5,15157.5,long
IS,2023-09-08T00:00:00,,loss,-0.75,-0.75,0,0,15429.0,15270.5,long
IS,2023-09-11T00:00:00,,win,0.9171,0.9171,0,0,15579.5,15647.0,short
IS,2023-09-12T00:00:00,,loss,-0.75,-0.75,0,0,15667.75,15583.75,long
IS,2023-09-13T00:00:00,,loss,-0.75,-0.75,0,0,15617.5,15493.5,long
IS,2023-09-14T00:00:00,,win,0.9441,0.9441,0,0,15537.25,15638.75,short
IS,2023-09-15T00:00:00,,win,0.9443,0.9443,0,0,15525.75,15627.75,short
IS,2023-09-19T00:00:00,,loss,-0.75,-0.75,0,0,15392.5,15324.0,long
IS,2023-09-20T00:00:00,,loss,-0.75,-0.75,0,0,15464.5,15375.0,long
IS,2023-09-21T00:00:00,,loss,-0.75,-0.75,0,0,15052.0,14974.5,long
IS,2023-09-22T00:00:00,,loss,-0.75,-0.75,0,0,14886.5,14941.5,short
IS,2023-09-25T00:00:00,,win,0.9471,0.9471,0,0,14890.0,14782.5,long
IS,2023-09-26T00:00:00,,loss,-0.75,-0.75,0,0,14873.75,14802.75,long
IS,2023-09-27T00:00:00,,loss,-0.75,-0.75,0,0,14829.25,14749.25,long
IS,2023-09-28T00:00:00,,loss,-0.75,-0.75,0,0,14762.25,14661.25,long
IS,2023-09-29T00:00:00,,loss,-0.75,-0.75,0,0,14956.0,15015.0,short
IS,2023-10-02T00:00:00,,win,0.9529,0.9529,0,0,14968.25,14847.25,long
IS,2023-10-03T00:00:00,,win,0.9226,0.9226,0,0,14946.25,14873.75,long
IS,2023-10-04T00:00:00,,loss,-0.75,-0.75,0,0,14859.0,14748.0,long
IS,2023-10-05T00:00:00,,win,0.9114,0.9114,0,0,14857.0,14920.0,short
IS,2023-10-06T00:00:00,,loss,-0.75,-0.75,0,0,14671.25,14800.75,short
IS,2023-10-09T00:00:00,,loss,-0.75,-0.75,0,0,14920.5,15016.0,short
IS,2023-10-10T00:00:00,,loss,-0.75,-0.75,0,0,15159.0,15219.5,short
IS,2023-10-11T00:00:00,,loss,-0.75,-0.75,0,0,15431.0,15323.5,long
IS,2023-10-12T00:00:00,,loss,-0.75,-0.75,0,0,15428.75,15377.75,long
IS,2023-10-13T00:00:00,,loss,-0.75,-0.75,0,0,15290.5,15367.0,short
IS,2023-10-16T00:00:00,,loss,-0.75,-0.75,0,0,15300.25,15168.75,long
IS,2023-10-17T00:00:00,,loss,-0.75,-0.75,0,0,15084.5,15142.0,short
IS,2023-10-18T00:00:00,,loss,-0.75,-0.75,0,0,15264.0,15125.5,long
IS,2023-10-19T00:00:00,,win,0.9231,0.9231,0,0,15036.25,15109.25,short
IS,2023-10-20T00:00:00,,loss,-0.75,-0.75,0,0,14916.5,14810.5,long
IS,2023-10-23T00:00:00,,win,0.9498,0.9498,0,0,14516.5,14630.0,short
IS,2023-10-24T00:00:00,,loss,-0.75,-0.75,0,0,14867.0,14762.5,long
IS,2023-10-25T00:00:00,,win,0.9644,0.9644,0,0,14588.0,14749.0,short
IS,2023-10-26T00:00:00,,win,0.9587,0.9587,0,0,14320.75,14459.25,short
IS,2023-10-27T00:00:00,,loss,-0.75,-0.75,0,0,14263.5,14349.5,short
IS,2023-10-30T00:00:00,,win,0.9543,0.9543,0,0,14459.75,14334.75,long
IS,2023-10-31T00:00:00,,win,0.9485,0.9485,0,0,14318.5,14429.0,short
IS,2023-11-01T00:00:00,,win,0.91,0.91,0,0,14577.25,14515.25,long
IS,2023-11-02T00:00:00,,loss,-0.75,-0.75,0,0,14971.0,14904.0,long
IS,2023-11-03T00:00:00,,win,0.9283,0.9283,0,0,15119.75,15041.25,long
IS,2023-11-06T00:00:00,,loss,-0.75,-0.75,0,0,15274.75,15203.25,long
IS,2023-11-07T00:00:00,,loss,-0.75,-0.75,0,0,15182.0,15287.0,short
IS,2023-11-08T00:00:00,,loss,-0.75,-0.75,0,0,15448.25,15373.75,long
IS,2023-11-09T00:00:00,,loss,-0.75,-0.75,0,0,15343.25,15419.25,short
IS,2023-11-10T00:00:00,,win,0.8974,0.8974,0,0,15359.5,15305.5,long
IS,2023-11-13T00:00:00,,win,0.9057,0.9057,0,0,15480.0,15539.0,short
IS,2023-11-14T00:00:00,,win,0.9365,0.9365,0,0,15879.0,15790.0,long
IS,2023-11-15T00:00:00,,loss,-0.75,-0.75,0,0,15998.0,15936.0,long
IS,2023-11-16T00:00:00,,win,0.9086,0.9086,0,0,15886.0,15825.0,long
IS,2023-11-17T00:00:00,,loss,-0.75,-0.75,0,0,15829.75,15873.25,short
IS,2023-11-20T00:00:00,,win,0.9577,0.9577,0,0,16029.75,15894.75,long
IS,2023-11-21T00:00:00,,win,0.9199,0.9199,0,0,15945.25,16015.25,short
IS,2023-11-22T00:00:00,,loss,-0.75,-0.75,0,0,16224.0,16069.5,long
IS,2023-11-23T00:00:00,,loss,-0.75,-0.75,0,0,16072.75,16055.25,long
IS,2023-11-24T00:00:00,,scratch,-0.1937,-0.1937,1,0,15950.75,16053.25,short
IS,2023-11-27T00:00:00,,loss,-0.75,-0.75,0,0,15934.25,16037.25,short
IS,2023-11-28T00:00:00,,loss,-0.75,-0.75,0,0,15938.25,16007.25,short
IS,2023-11-29T00:00:00,,loss,-0.75,-0.75,0,0,16231.0,16146.5,long
IS,2023-11-30T00:00:00,,win,0.9278,0.9278,0,0,15973.5,16051.5,short
IS,2023-12-04T00:00:00,,loss,-0.75,-0.75,0,0,15806.75,15876.25,short
IS,2023-12-05T00:00:00,,win,0.8974,0.8974,0,0,15837.25,15783.25,long
IS,2023-12-06T00:00:00,,win,0.961,0.961,0,0,15892.0,16039.0,short
IS,2023-12-07T00:00:00,,loss,-0.75,-0.75,0,0,16031.0,15907.0,long
IS,2023-12-11T00:00:00,,win,0.9596,0.9596,0,0,16210.0,16068.5,long
IS,2023-12-12T00:00:00,,loss,-0.75,-0.75,0,0,16368.5,16449.0,short
IS,2023-12-14T00:00:00,,loss,-0.75,-0.75,0,0,16904.0,16811.5,long
IS,2023-12-15T00:00:00,,win,0.9269,0.9269,0,0,16857.25,16780.25,long
IS,2023-12-18T00:00:00,,win,0.9287,0.9287,0,0,16911.0,16832.0,long
IS,2023-12-19T00:00:00,,loss,-0.75,-0.75,0,0,17031.0,16944.5,long
IS,2023-12-20T00:00:00,,win,0.8842,0.8842,0,0,17018.25,16970.75,long
IS,2023-12-21T00:00:00,,win,0.9407,0.9407,0,0,16863.25,16958.75,short
IS,2023-12-22T00:00:00,,loss,-0.75,-0.75,0,0,17049.75,16994.25,long
IS,2023-12-26T00:00:00,,win,0.8992,0.8992,0,0,17060.25,17005.25,long
IS,2023-12-27T00:00:00,,loss,-0.75,-0.75,0,0,17152.25,17091.75,long
IS,2023-12-28T00:00:00,,win,0.9205,0.9205,0,0,17088.5,17159.0,short
IS,2023-12-29T00:00:00,,loss,-0.75,-0.75,0,0,17062.0,17100.0,short
IS,2024-01-02T00:00:00,,win,0.9354,0.9354,0,0,16786.0,16873.5,short
IS,2024-01-03T00:00:00,,loss,-0.75,-0.75,0,0,16667.0,16581.5,long
IS,2024-01-04T00:00:00,,loss,-0.75,-0.75,0,0,16535.0,16443.0,long
IS,2024-01-05T00:00:00,,loss,-0.75,-0.75,0,0,16536.25,16437.25,long
IS,2024-01-08T00:00:00,,win,0.9347,0.9347,0,0,16591.75,16505.25,long
IS,2024-01-10T00:00:00,,win,0.9177,0.9177,0,0,16805.25,16873.25,short
IS,2024-01-11T00:00:00,,loss,-0.75,-0.75,0,0,17059.75,16974.75,long
IS,2024-01-12T00:00:00,,loss,-0.75,-0.75,0,0,17052.5,16974.0,long
IS,2024-01-15T00:00:00,,win,0.7831,0.7831,0,0,16943.5,16967.5,short
IS,2024-01-16T00:00:00,,win,0.9205,0.9205,0,0,16869.5,16940.0,short
IS,2024-01-17T00:00:00,,loss,-0.75,-0.75,0,0,16674.25,16842.75,short
IS,2024-01-18T00:00:00,,loss,-0.75,-0.75,0,0,16943.0,17047.5,short
IS,2024-01-19T00:00:00,,loss,-0.75,-0.75,0,0,17236.25,17166.25,long
IS,2024-01-22T00:00:00,,loss,-0.75,-0.75,0,0,17623.75,17527.75,long
IS,2024-01-23T00:00:00,,scratch,0.8281,0.8281,1,0,17560.75,17416.25,long
IS,2024-01-24T00:00:00,,loss,-0.75,-0.75,0,0,17620.0,17695.5,short
IS,2024-01-25T00:00:00,,loss,-0.75,-0.75,0,0,17621.0,17728.0,short
IS,2024-01-26T00:00:00,,loss,-0.75,-0.75,0,0,17498.5,17571.5,short
IS,2024-01-29T00:00:00,,win,0.8992,0.8992,0,0,17584.75,17529.75,long
IS,2024-01-30T00:00:00,,win,0.9107,0.9107,0,0,17622.5,17685.0,short
IS,2024-01-31T00:00:00,,win,0.9481,0.9481,0,0,17316.75,17426.25,short
IS,2024-02-01T00:00:00,,loss,-0.75,-0.75,0,0,17253.5,17334.0,short
IS,2024-02-02T00:00:00,,win,0.9485,0.9485,0,0,17576.25,17465.75,long
IS,2024-02-05T00:00:00,,win,0.9064,0.9064,0,0,17677.75,17737.25,short
IS,2024-02-06T00:00:00,,win,0.9394,0.9394,0,0,17674.0,17767.5,short
IS,2024-02-07T00:00:00,,loss,-0.75,-0.75,0,0,17709.5,17778.0,short
IS,2024-02-09T00:00:00,,loss,-0.75,-0.75,0,0,17858.25,17911.25,short
IS,2024-02-12T00:00:00,,loss,-0.75,-0.75,0,0,18092.75,18007.25,long
IS,2024-02-13T00:00:00,,win,0.9451,0.9451,0,0,17690.0,17586.5,long
IS,2024-02-14T00:00:00,,win,0.9215,0.9215,0,0,17747.25,17818.75,short
IS,2024-02-15T00:00:00,,win,0.9127,0.9127,0,0,17839.0,17903.0,short
IS,2024-02-16T00:00:00,,win,0.9354,0.9354,0,0,17843.0,17930.5,short
IS,2024-02-19T00:00:00,,loss,-0.75,-0.75,0,0,17818.75,17784.75,long
IS,2024-02-20T00:00:00,,win,0.9618,0.9618,0,0,17574.0,17724.0,short
IS,2024-02-21T00:00:00,,loss,-0.75,-0.75,0,0,17416.5,17511.5,short
IS,2024-02-22T00:00:00,,win,0.949,0.949,0,0,17975.5,17864.0,long
IS,2024-02-23T00:00:00,,loss,-0.75,-0.75,0,0,18183.5,18097.0,long
IS,2024-02-26T00:00:00,,win,0.9316,0.9316,0,0,17968.25,18050.75,short
IS,2024-02-27T00:00:00,,win,0.9033,0.9033,0,0,17969.25,18026.75,short
IS,2024-02-28T00:00:00,,loss,-0.75,-0.75,0,0,17985.5,17901.5,long
IS,2024-02-29T00:00:00,,loss,-0.75,-0.75,0,0,18116.25,18020.75,long
IS,2024-03-01T00:00:00,,win,0.9446,0.9446,0,0,18196.0,18093.5,long
IS,2024-03-04T00:00:00,,loss,-0.75,-0.75,0,0,18240.0,18335.0,short
IS,2024-03-05T00:00:00,,win,0.9542,0.9542,0,0,18010.5,18135.0,short
IS,2024-03-06T00:00:00,,win,0.9171,0.9171,0,0,18058.75,18126.25,short
IS,2024-03-07T00:00:00,,win,0.9009,0.9009,0,0,18222.25,18166.25,long
IS,2024-03-08T00:00:00,,loss,-0.75,-0.75,0,0,18239.75,18349.75,short
IS,2024-03-11T00:00:00,,loss,-0.75,-0.75,0,0,18069.75,18238.75,short
IS,2024-03-12T00:00:00,,win,0.9618,0.9618,0,0,18189.0,18339.0,short
IS,2024-03-13T00:00:00,,win,0.9388,0.9388,0,0,18337.0,18429.5,short
IS,2024-03-14T00:00:00,,loss,-0.75,-0.75,0,0,18433.25,18335.75,long
IS,2024-03-15T00:00:00,,win,0.9407,0.9407,0,0,18079.25,18174.75,short
IS,2024-03-18T00:00:00,,loss,-0.75,-0.75,0,0,18380.0,18277.5,long
IS,2024-03-19T00:00:00,,win,0.943,0.943,0,0,18053.25,18152.75,short
IS,2024-03-20T00:00:00,,win,0.9146,0.9146,0,0,18269.25,18334.75,short
IS,2024-03-21T00:00:00,,loss,-0.75,-0.75,0,0,18729.25,18655.25,long
IS,2024-03-22T00:00:00,,loss,-0.75,-0.75,0,0,18488.5,18545.0,short
IS,2024-03-25T00:00:00,,loss,-0.75,-0.75,0,0,18404.0,18480.5,short
IS,2024-03-26T00:00:00,,loss,-0.75,-0.75,0,0,18629.5,18550.0,long
IS,2024-03-27T00:00:00,,win,0.9494,0.9494,0,0,18459.5,18572.0,short
IS,2024-03-28T00:00:00,,loss,-0.75,-0.75,0,0,18552.5,18457.0,long
IS,2024-04-01T00:00:00,,loss,-0.75,-0.75,0,0,18621.25,18482.25,long
IS,2024-04-02T00:00:00,,win,0.9127,0.9127,0,0,18228.25,18292.25,short
IS,2024-04-03T00:00:00,,win,0.9199,0.9199,0,0,18309.0,18239.0,long
IS,2024-04-04T00:00:00,,loss,-0.75,-0.75,0,0,18573.5,18530.0,long
IS,2024-04-05T00:00:00,,loss,-0.75,-0.75,0,0,18074.75,18170.75,short
IS,2024-04-08T00:00:00,,win,0.9427,0.9427,0,0,18238.0,18337.0,short
IS,2024-04-09T00:00:00,,loss,-0.75,-0.75,0,0,18298.0,18405.0,short
IS,2024-04-11T00:00:00,,loss,-0.75,-0.75,0,0,18175.25,18274.25,short
IS,2024-04-12T00:00:00,,loss,-0.75,-0.75,0,0,18373.75,18280.75,long
IS,2024-04-15T00:00:00,,loss,-0.75,-0.75,0,0,18197.5,18339.0,short
IS,2024-04-16T00:00:00,,loss,-0.75,-0.75,0,0,17807.75,17884.75,short
IS,2024-04-17T00:00:00,,loss,-0.75,-0.75,0,0,17890.0,17959.5,short
IS,2024-04-18T00:00:00,,win,0.9476,0.9476,0,0,17570.25,17678.75,short
IS,2024-04-19T00:00:00,,loss,-0.75,-0.75,0,0,17397.75,17496.25,short
IS,2024-04-22T00:00:00,,loss,-0.75,-0.75,0,0,17348.0,17267.5,long
IS,2024-04-23T00:00:00,,win,0.9441,0.9441,0,0,17515.0,17413.5,long
IS,2024-04-24T00:00:00,,win,0.9291,0.9291,0,0,17792.5,17713.0,long
IS,2024-04-25T00:00:00,,win,0.9446,0.9446,0,0,17410.5,17308.0,long
IS,2024-04-26T00:00:00,,win,0.9578,0.9578,0,0,17803.75,17668.25,long
IS,2024-04-29T00:00:00,,win,0.9291,0.9291,0,0,17869.5,17949.0,short
IS,2024-04-30T00:00:00,,win,0.9182,0.9182,0,0,17892.5,17824.0,long
IS,2024-05-01T00:00:00,,loss,-0.75,-0.75,0,0,17418.5,17517.5,short
IS,2024-05-02T00:00:00,,win,0.9515,0.9515,0,0,17485.0,17602.5,short
IS,2024-05-03T00:00:00,,win,0.9391,0.9391,0,0,18012.25,17919.25,long
IS,2024-05-06T00:00:00,,win,0.9194,0.9194,0,0,18112.0,18042.5,long
IS,2024-05-07T00:00:00,,loss,-0.75,-0.75,0,0,18157.75,18236.25,short
IS,2024-05-08T00:00:00,,win,0.91,0.91,0,0,18141.0,18079.0,long
IS,2024-05-09T00:00:00,,win,0.9114,0.9114,0,0,18141.0,18204.0,short
IS,2024-05-10T00:00:00,,loss,-0.75,-0.75,0,0,18373.5,18256.5,long
IS,2024-05-13T00:00:00,,win,0.9375,0.9375,0,0,18246.25,18336.75,short
IS,2024-05-14T00:00:00,,win,0.9033,0.9033,0,0,18322.75,18265.25,long
IS,2024-05-15T00:00:00,,loss,-0.75,-0.75,0,0,18456.0,18528.5,short
IS,2024-05-16T00:00:00,,win,0.8519,0.8519,0,0,18708.5,18672.0,long
IS,2024-05-17T00:00:00,,loss,-0.75,-0.75,0,0,18615.25,18664.25,short
IS,2024-05-20T00:00:00,,win,0.9466,0.9466,0,0,18741.75,18635.25,long
IS,2024-05-23T00:00:00,,win,0.9441,0.9441,0,0,18881.0,18982.5,short
IS,2024-05-24T00:00:00,,loss,-0.75,-0.75,0,0,18818.25,18733.25,long
IS,2024-05-27T00:00:00,,loss,-0.75,-0.75,0,0,18927.75,18877.25,long
IS,2024-05-28T00:00:00,,win,0.9182,0.9182,0,0,18868.5,18937.0,short
IS,2024-05-29T00:00:00,,win,0.9365,0.9365,0,0,18850.0,18761.0,long
IS,2024-05-30T00:00:00,,win,0.9464,0.9464,0,0,18663.25,18769.25,short
IS,2024-05-31T00:00:00,,loss,-0.75,-0.75,0,0,18656.5,18575.0,long
IS,2024-06-03T00:00:00,,loss,-0.75,-0.75,0,0,18764.25,18698.25,long
IS,2024-06-04T00:00:00,,loss,-0.75,-0.75,0,0,18522.25,18650.75,short
IS,2024-06-05T00:00:00,,loss,-0.75,-0.75,0,0,18791.0,18852.5,short
IS,2024-06-06T00:00:00,,win,0.9017,0.9017,0,0,19056.75,19113.25,short
IS,2024-06-07T00:00:00,,win,0.9418,0.9418,0,0,19089.75,18992.25,long
IS,2024-06-10T00:00:00,,loss,-0.75,-0.75,0,0,19057.0,18977.5,long
IS,2024-06-11T00:00:00,,win,0.9274,0.9274,0,0,19007.0,19084.5,short
IS,2024-06-12T00:00:00,,win,0.955,0.955,0,0,19501.5,19374.5,long
IS,2024-06-13T00:00:00,,loss,-0.75,-0.75,0,0,19605.5,19648.0,short
IS,2024-06-14T00:00:00,,win,0.8983,0.8983,0,0,19611.5,19557.0,long
IS,2024-06-17T00:00:00,,win,0.9194,0.9194,0,0,19904.25,19973.75,short
IS,2024-06-18T00:00:00,,loss,-0.75,-0.75,0,0,20244.75,20182.25,long
IS,2024-06-19T00:00:00,,win,0.7452,0.7452,0,0,20232.25,20252.25,short
IS,2024-06-20T00:00:00,,loss,-0.75,-0.75,0,0,20309.0,20200.0,long
IS,2024-06-21T00:00:00,,win,0.9265,0.9265,0,0,19945.25,20021.75,short
IS,2024-06-24T00:00:00,,loss,-0.75,-0.75,0,0,19852.25,19965.25,short
IS,2024-06-25T00:00:00,,loss,-0.75,-0.75,0,0,19786.0,19839.5,short
IS,2024-06-26T00:00:00,,win,0.9159,0.9159,0,0,19985.0,19918.5,long
IS,2024-06-27T00:00:00,,loss,-0.75,-0.75,0,0,20121.25,19989.75,long
IS,2024-06-28T00:00:00,,win,0.9226,0.9226,0,0,20111.5,20039.0,long
IS,2024-07-01T00:00:00,,win,0.9509,0.9509,0,0,19869.75,19985.75,short
IS,2024-07-02T00:00:00,,win,0.9534,0.9534,0,0,20099.0,19976.5,long
IS,2024-07-03T00:00:00,,win,0.9451,0.9451,0,0,20319.5,20216.0,long
IS,2024-07-05T00:00:00,,loss,-0.75,-0.75,0,0,20515.5,20440.0,long
IS,2024-07-08T00:00:00,,loss,-0.75,-0.75,0,0,20584.5,20645.0,short
IS,2024-07-09T00:00:00,,loss,-0.75,-0.75,0,0,20677.75,20763.75,short
IS,2024-07-11T00:00:00,,loss,-0.75,-0.75,0,0,20833.75,20902.25,short
IS,2024-07-12T00:00:00,,loss,-0.75,-0.75,0,0,20514.5,20428.0,long
IS,2024-07-15T00:00:00,,loss,-0.75,-0.75,0,0,20680.5,20600.5,long
IS,2024-07-16T00:00:00,,loss,-0.75,-0.75,0,0,20712.75,20631.25,long
IS,2024-07-17T00:00:00,,loss,-0.75,-0.75,0,0,20302.75,20233.25,long
IS,2024-07-18T00:00:00,,win,0.9494,0.9494,0,0,20036.75,20149.25,short
IS,2024-07-19T00:00:00,,loss,-0.75,-0.75,0,0,19980.5,19836.0,long
IS,2024-07-22T00:00:00,,loss,-0.75,-0.75,0,0,20037.25,19882.25,long
IS,2024-07-23T00:00:00,,win,0.9394,0.9394,0,0,20026.75,19933.25,long
IS,2024-07-24T00:00:00,,win,0.9612,0.9612,0,0,19507.5,19655.0,short
IS,2024-07-25T00:00:00,,loss,-0.75,-0.75,0,0,19050.5,19226.5,short
IS,2024-07-26T00:00:00,,loss,-0.75,-0.75,0,0,19011.5,19166.0,short
IS,2024-07-29T00:00:00,,win,0.9597,0.9597,0,0,19364.5,19222.5,long
IS,2024-07-30T00:00:00,,loss,-0.75,-0.75,0,0,19343.25,19255.25,long
IS,2024-07-31T00:00:00,,loss,-0.75,-0.75,0,0,19471.0,19310.5,long
IS,2022-06-27T00:00:00,,win,0.9712,0.9712,0,0,12013.5,12213.5,short
IS,2022-06-28T00:00:00,,win,0.9767,0.9767,0,0,11923.25,12170.75,short
IS,2022-06-29T00:00:00,,loss,-0.75,-0.75,0,0,11468.0,11690.5,short
IS,2022-06-30T00:00:00,,win,0.9659,0.9659,0,0,11419.5,11588.0,short
IS,2022-07-01T00:00:00,,loss,-0.75,-0.75,0,0,11378.5,11535.5,short
IS,2022-07-04T00:00:00,,win,0.7908,0.7908,0,0,11546.0,11571.0,short
IS,2022-07-05T00:00:00,,loss,-0.75,-0.75,0,0,11543.75,11388.75,long
IS,2022-07-06T00:00:00,,loss,-0.75,-0.75,0,0,11722.25,11883.75,short
IS,2022-07-07T00:00:00,,win,0.9621,0.9621,0,0,12069.25,11918.25,long
IS,2022-07-08T00:00:00,,loss,-0.75,-0.75,0,0,12108.25,11987.75,long
IS,2022-07-11T00:00:00,,win,0.9461,0.9461,0,0,11957.0,12062.5,short
IS,2022-07-12T00:00:00,,loss,-0.75,-0.75,0,0,12041.5,11928.5,long
IS,2022-07-13T00:00:00,,win,0.9704,0.9704,0,0,11717.0,11522.5,long
IS,2022-07-14T00:00:00,,loss,-0.75,-0.75,0,0,11484.25,11684.25,short
IS,2022-07-15T00:00:00,,loss,-0.75,-0.75,0,0,12033.0,11922.5,long
IS,2022-07-18T00:00:00,,loss,-0.75,-0.75,0,0,12226.5,12090.0,long
IS,2022-07-19T00:00:00,,win,0.9291,0.9291,0,0,12001.25,12080.75,short
IS,2022-07-20T00:00:00,,win,0.941,0.941,0,0,12352.0,12256.0,long
IS,2022-07-21T00:00:00,,loss,-0.75,-0.75,0,0,12373.25,12513.25,short
IS,2022-07-22T00:00:00,,win,0.9304,0.9304,0,0,12654.5,12573.5,long
IS,2022-07-25T00:00:00,,win,0.9231,0.9231,0,0,12371.25,12444.25,short
IS,2022-07-26T00:00:00,,win,0.9552,0.9552,0,0,12163.75,12291.25,short
IS,2022-07-27T00:00:00,,win,0.9441,0.9441,0,0,12377.75,12276.25,long
IS,2022-07-28T00:00:00,,win,0.9543,0.9543,0,0,12529.25,12654.25,short
IS,2022-07-29T00:00:00,,loss,-0.75,-0.75,0,0,12723.25,12821.25,short
IS,2022-08-01T00:00:00,,win,0.9519,0.9519,0,0,12969.75,12851.25,long
IS,2022-08-02T00:00:00,,loss,-0.75,-0.75,0,0,12982.0,12853.0,long
IS,2022-08-03T00:00:00,,win,0.9587,0.9587,0,0,13127.75,12989.25,long
IS,2022-08-04T00:00:00,,loss,-0.75,-0.75,0,0,13338.5,13245.0,long
IS,2022-08-05T00:00:00,,win,0.9593,0.9593,0,0,13254.75,13114.25,long
IS,2022-08-08T00:00:00,,win,0.9676,0.9676,0,0,13409.25,13231.75,long
IS,2022-08-09T00:00:00,,scratch,-0.1298,-0.1298,1,0,12961.75,13112.25,short
IS,2022-08-10T00:00:00,,loss,-0.75,-0.75,0,0,13238.5,13355.0,short
IS,2022-08-11T00:00:00,,loss,-0.75,-0.75,0,0,13552.5,13456.0,long
IS,2022-08-12T00:00:00,,loss,-0.75,-0.75,0,0,13324.75,13416.25,short
IS,2022-08-15T00:00:00,,loss,-0.75,-0.75,0,0,13668.25,13534.75,long
IS,2022-08-16T00:00:00,,win,0.9159,0.9159,0,0,13593.25,13659.75,short
IS,2022-08-17T00:00:00,,loss,-0.75,-0.75,0,0,13572.25,13512.25,long
IS,2022-08-18T00:00:00,,loss,-0.75,-0.75,0,0,13379.0,13498.0,short
IS,2022-08-19T00:00:00,,win,0.9251,0.9251,0,0,13350.25,13425.25,short
IS,2022-08-22T00:00:00,,win,0.9498,0.9498,0,0,12978.5,13092.0,short
IS,2022-08-23T00:00:00,,loss,-0.75,-0.75,0,0,12994.25,12893.25,long
IS,2022-08-24T00:00:00,,win,0.9435,0.9435,0,0,12957.5,12857.0,long
IS,2022-08-25T00:00:00,,loss,-0.75,-0.75,0,0,12931.75,13014.25,short
IS,2022-08-26T00:00:00,,win,0.932,0.932,0,0,13074.5,13157.5,short
IS,2022-08-29T00:00:00,,loss,-0.75,-0.75,0,0,12658.5,12479.0,long
IS,2022-08-30T00:00:00,,win,0.9418,0.9418,0,0,12489.75,12587.25,short
IS,2022-08-31T00:00:00,,loss,-0.75,-0.75,0,0,12343.0,12477.5,short
IS,2022-09-01T00:00:00,,loss,-0.75,-0.75,0,0,12245.25,12140.25,long
IS,2022-09-02T00:00:00,,loss,-0.75,-0.75,0,0,12220.5,12415.5,short
IS,2022-09-05T00:00:00,,win,0.7506,0.7506,0,0,12125.25,12104.75,long
IS,2022-09-06T00:00:00,,win,0.9598,0.9598,0,0,12026.5,12169.0,short
IS,2022-09-07T00:00:00,,loss,-0.75,-0.75,0,0,12131.75,12035.75,long
IS,2022-09-08T00:00:00,,win,0.9519,0.9519,0,0,12237.0,12118.5,long
IS,2022-09-09T00:00:00,,loss,-0.75,-0.75,0,0,12523.75,12415.75,long
IS,2022-09-12T00:00:00,,win,0.9347,0.9347,0,0,12806.25,12719.75,long
IS,2022-09-13T00:00:00,,win,0.9564,0.9564,0,0,12377.25,12508.25,short
IS,2022-09-14T00:00:00,,loss,-0.75,-0.75,0,0,12260.0,12100.5,long
IS,2022-09-15T00:00:00,,win,0.9296,0.9296,0,0,12190.5,12110.5,long
IS,2022-09-16T00:00:00,,loss,-0.75,-0.75,0,0,11739.0,11871.5,short
IS,2022-09-19T00:00:00,,win,0.9578,0.9578,0,0,11951.0,11815.5,long
IS,2022-09-20T00:00:00,,loss,-0.75,-0.75,0,0,11872.25,11947.25,short
IS,2022-09-21T00:00:00,,loss,-0.75,-0.75,0,0,12014.25,11940.25,long
IS,2022-09-22T00:00:00,,win,0.9435,0.9435,0,0,11581.75,11682.25,short
IS,2022-09-23T00:00:00,,win,0.9368,0.9368,0,0,11381.75,11471.25,short
IS,2022-09-26T00:00:00,,win,0.9683,0.9683,0,0,11524.0,11342.5,long
IS,2022-09-27T00:00:00,,loss,-0.75,-0.75,0,0,11604.0,11461.0,long
IS,2022-09-28T00:00:00,,loss,-0.75,-0.75,0,0,11414.5,11266.0,long
IS,2022-09-29T00:00:00,,win,0.9278,0.9278,0,0,11323.75,11401.75,short
IS,2022-09-30T00:00:00,,loss,-0.75,-0.75,0,0,11100.5,11245.5,short
IS,2022-10-03T00:00:00,,loss,-0.75,-0.75,0,0,10994.5,11127.5,short
IS,2022-10-04T00:00:00,,win,0.9416,0.9416,0,0,11611.25,11514.25,long
IS,2022-10-05T00:00:00,,win,0.9531,0.9531,0,0,11417.5,11539.0,short
IS,2022-10-06T00:00:00,,loss,-0.75,-0.75,0,0,11725.25,11589.25,long
IS,2022-10-07T00:00:00,,win,0.9456,0.9456,0,0,11243.75,11348.25,short
IS,2022-10-10T00:00:00,,win,0.9613,0.9613,0,0,10977.75,11125.75,short
IS,2022-10-11T00:00:00,,win,0.9454,0.9454,0,0,10840.5,10944.5,short
IS,2022-10-12T00:00:00,,win,0.9584,0.9584,0,0,10943.25,10805.75,long
IS,2022-10-13T00:00:00,,loss,-0.75,-0.75,0,0,10599.0,10484.5,long
IS,2022-10-14T00:00:00,,win,0.972,0.972,0,0,11001.75,11207.75,short
IS,2022-10-17T00:00:00,,win,0.9494,0.9494,0,0,11111.5,10999.0,long
IS,2022-10-18T00:00:00,,win,0.9487,0.9487,0,0,11320.75,11431.75,short
IS,2022-10-19T00:00:00,,loss,-0.75,-0.75,0,0,11267.5,11118.5,long
IS,2022-10-20T00:00:00,,win,0.9515,0.9515,0,0,11220.25,11102.75,long
IS,2022-10-21T00:00:00,,win,0.9683,0.9683,0,0,11176.25,10994.75,long
IS,2022-10-24T00:00:00,,loss,-0.75,-0.75,0,0,11445.25,11300.25,long
IS,2022-10-25T00:00:00,,win,0.9503,0.9503,0,0,11629.25,11514.75,long
IS,2022-10-26T00:00:00,,win,0.9531,0.9531,0,0,11554.5,11433.0,long
IS,2022-10-27T00:00:00,,win,0.9557,0.9557,0,0,11335.5,11464.5,short
IS,2022-10-28T00:00:00,,win,0.9714,0.9714,0,0,11407.25,11206.25,long
IS,2022-10-31T00:00:00,,win,0.9589,0.9589,0,0,11383.75,11522.75,short
IS,2022-11-01T00:00:00,,win,0.9343,0.9343,0,0,11533.0,11619.0,short
IS,2022-11-02T00:00:00,,win,0.959,0.959,0,0,11201.25,11340.75,short
IS,2022-11-03T00:00:00,,win,0.9505,0.9505,0,0,10733.25,10848.25,short
IS,2022-11-04T00:00:00,,win,0.9714,0.9714,0,0,10762.25,10963.75,short
IS,2022-11-07T00:00:00,,loss,-0.75,-0.75,0,0,10818.5,10969.0,short
IS,2022-11-08T00:00:00,,loss,-0.75,-0.75,0,0,10979.0,11083.0,short
IS,2022-11-09T00:00:00,,loss,-0.75,-0.75,0,0,11069.0,10969.0,long
IS,2022-11-10T00:00:00,,loss,-0.75,-0.75,0,0,11267.0,11394.5,short
IS,2022-11-11T00:00:00,,loss,-0.75,-0.75,0,0,11522.75,11644.75,short
IS,2022-11-14T00:00:00,,loss,-0.75,-0.75,0,0,11690.5,11785.5,short
IS,2022-11-15T00:00:00,,win,0.9378,0.9378,0,0,11972.0,12063.0,short
IS,2022-11-16T00:00:00,,win,0.9336,0.9336,0,0,11751.75,11836.75,short
IS,2022-11-17T00:00:00,,win,0.9361,0.9361,0,0,11632.0,11543.5,long
IS,2022-11-18T00:00:00,,win,0.9646,0.9646,0,0,11680.75,11842.75,short
IS,2022-11-21T00:00:00,,loss,-0.75,-0.75,0,0,11757.0,11632.0,long
IS,2022-11-22T00:00:00,,win,0.9312,0.9312,0,0,11546.75,11628.75,short
IS,2022-11-23T00:00:00,,win,0.9121,0.9121,0,0,11808.25,11744.75,long
IS,2022-11-24T00:00:00,,win,0.6443,0.6443,0,0,11905.25,11918.75,short
IS,2022-11-25T00:00:00,,loss,-0.75,-0.75,0,0,11845.75,11766.25,long
IS,2022-11-28T00:00:00,,loss,-0.75,-0.75,0,0,11815.25,11693.75,long
IS,2022-11-29T00:00:00,,win,0.9079,0.9079,0,0,11567.5,11628.0,short
IS,2022-11-30T00:00:00,,loss,-0.75,-0.75,0,0,11620.25,11518.75,long
IS,2022-12-01T00:00:00,,win,0.9427,0.9427,0,0,12130.5,12031.5,long
IS,2022-12-02T00:00:00,,win,0.9601,0.9601,0,0,11987.75,11844.25,long
IS,2022-12-05T00:00:00,,loss,-0.75,-0.75,0,0,11984.0,11911.5,long
IS,2022-12-06T00:00:00,,win,0.9246,0.9246,0,0,11731.25,11805.75,short
IS,2022-12-07T00:00:00,,loss,-0.75,-0.75,0,0,11621.0,11495.5,long
IS,2022-12-08T00:00:00,,loss,-0.75,-0.75,0,0,11455.25,11572.75,short
IS,2022-12-09T00:00:00,,win,0.9584,0.9584,0,0,11687.5,11550.0,long
IS,2022-12-12T00:00:00,,loss,-0.75,-0.75,0,0,11656.25,11714.25,short
IS,2022-12-13T00:00:00,,loss,-0.75,-0.75,0,0,12134.25,12296.75,short
IS,2022-12-14T00:00:00,,win,0.9511,0.9511,0,0,12046.5,11930.0,long
IS,2022-12-15T00:00:00,,win,0.9662,0.9662,0,0,11545.5,11715.5,short
IS,2022-12-16T00:00:00,,loss,-0.75,-0.75,0,0,11509.0,11407.0,long
IS,2022-12-19T00:00:00,,win,0.9603,0.9603,0,0,11215.25,11359.25,short
IS,2022-12-20T00:00:00,,loss,-0.75,-0.75,0,0,11059.5,11151.5,short
IS,2022-12-21T00:00:00,,win,0.9397,0.9397,0,0,11277.5,11183.5,long
IS,2022-12-22T00:00:00,,win,0.9598,0.9598,0,0,11065.5,11208.0,short
IS,2022-12-23T00:00:00,,loss,-0.75,-0.75,0,0,10908.75,11050.75,short
IS,2022-12-27T00:00:00,,win,0.9372,0.9372,0,0,10966.0,11056.0,short
IS,2022-12-28T00:00:00,,loss,-0.75,-0.75,0,0,11093.0,10861.5,long
IS,2022-12-29T00:00:00,,win,0.9503,0.9503,0,0,10971.0,10856.5,long
IS,2022-12-30T00:00:00,,loss,-0.75,-0.75,0,0,10820.75,10947.75,short
IS,2023-01-03T00:00:00,,loss,-0.75,-0.75,0,0,11211.5,11072.5,long
IS,2023-01-04T00:00:00,,loss,-0.75,-0.75,0,0,11121.75,10961.75,long
IS,2023-01-05T00:00:00,,loss,-0.75,-0.75,0,0,10780.5,10926.0,short
IS,2023-01-06T00:00:00,,win,0.9645,0.9645,0,0,10772.25,10933.75,short
IS,2023-01-09T00:00:00,,win,0.9381,0.9381,0,0,11290.75,11199.25,long
IS,2023-01-10T00:00:00,,loss,-0.75,-0.75,0,0,11355.25,11137.75,long
IS,2023-01-11T00:00:00,,win,0.9505,0.9505,0,0,11405.75,11290.75,long
IS,2023-01-12T00:00:00,,win,0.9633,0.9633,0,0,11362.5,11518.5,short
IS,2023-01-13T00:00:00,,loss,-0.75,-0.75,0,0,11494.75,11417.25,long
IS,2023-01-16T00:00:00,,loss,-0.75,-0.75,0,0,11615.0,11588.5,long
IS,2023-01-17T00:00:00,,loss,-0.75,-0.75,0,0,11538.5,11620.5,short
IS,2023-01-18T00:00:00,,loss,-0.75,-0.75,0,0,11632.5,11727.0,short
IS,2023-01-19T00:00:00,,win,0.9397,0.9397,0,0,11349.5,11443.5,short
IS,2023-01-20T00:00:00,,win,0.9316,0.9316,0,0,11471.25,11388.75,long
IS,2023-01-23T00:00:00,,win,0.934,0.934,0,0,11757.25,11671.75,long
IS,2023-01-24T00:00:00,,loss,-0.75,-0.75,0,0,11927.5,11840.0,long
IS,2023-01-25T00:00:00,,loss,-0.75,-0.75,0,0,11767.25,11658.75,long
IS,2023-01-26T00:00:00,,win,0.9461,0.9461,0,0,11963.25,12068.75,short
IS,2023-01-27T00:00:00,,win,0.9459,0.9459,0,0,12146.75,12041.75,long
IS,2023-01-30T00:00:00,,loss,-0.75,-0.75,0,0,12156.75,12064.75,long
IS,2023-01-31T00:00:00,,loss,-0.75,-0.75,0,0,12094.25,11969.25,long
IS,2023-02-01T00:00:00,,loss,-0.75,-0.75,0,0,12053.0,12156.0,short
IS,2023-02-02T00:00:00,,loss,-0.75,-0.75,0,0,12625.5,12729.0,short
IS,2023-02-03T00:00:00,,win,0.9639,0.9639,0,0,12717.25,12558.25,long
IS,2023-02-06T00:00:00,,loss,-0.75,-0.75,0,0,12618.0,12502.0,long
IS,2023-02-07T00:00:00,,loss,-0.75,-0.75,0,0,12465.0,12523.5,short
IS,2023-02-08T00:00:00,,loss,-0.75,-0.75,0,0,12783.25,12683.75,long
IS,2023-02-09T00:00:00,,win,0.943,0.943,0,0,12630.0,12729.5,short
IS,2023-02-10T00:00:00,,loss,-0.75,-0.75,0,0,12432.5,12330.0,long
IS,2023-02-13T00:00:00,,loss,-0.75,-0.75,0,0,12321.5,12410.5,short
IS,2023-02-14T00:00:00,,win,0.9676,0.9676,0,0,12568.0,12390.5,long
IS,2023-02-15T00:00:00,,loss,-0.75,-0.75,0,0,12659.5,12552.5,long
IS,2023-02-16T00:00:00,,loss,-0.75,-0.75,0,0,12485.0,12557.0,short
IS,2023-02-17T00:00:00,,win,0.9354,0.9354,0,0,12329.5,12417.0,short
IS,2023-02-20T00:00:00,,win,0.7559,0.7559,0,0,12375.5,12396.5,short
IS,2023-02-21T00:00:00,,win,0.9134,0.9134,0,0,12284.75,12220.25,long
IS,2023-02-22T00:00:00,,loss,-0.75,-0.75,0,0,12193.25,12114.25,long
IS,2023-02-23T00:00:00,,loss,-0.75,-0.75,0,0,12193.25,12260.25,short
IS,2023-02-24T00:00:00,,loss,-0.75,-0.75,0,0,12060.75,11980.75,long
IS,2023-02-27T00:00:00,,loss,-0.75,-0.75,0,0,12088.0,12143.5,short
IS,2023-02-28T00:00:00,,win,0.9064,0.9064,0,0,12100.75,12041.25,long
IS,2023-03-01T00:00:00,,loss,-0.75,-0.75,0,0,11978.5,12060.0,short
IS,2023-03-02T00:00:00,,win,0.9236,0.9236,0,0,11919.75,11846.25,long
IS,2023-03-03T00:00:00,,win,0.8974,0.8974,0,0,12166.25,12112.25,long
IS,2023-03-06T00:00:00,,loss,-0.75,-0.75,0,0,12317.0,12397.0,short
IS,2023-03-07T00:00:00,,loss,-0.75,-0.75,0,0,12369.5,12313.0,long
IS,2023-03-08T00:00:00,,win,0.9251,0.9251,0,0,12141.0,12216.0,short
IS,2023-03-09T00:00:00,,win,0.9418,0.9418,0,0,12327.75,12230.25,long
IS,2023-03-10T00:00:00,,win,0.957,0.957,0,0,11894.5,12027.5,short
IS,2023-03-13T00:00:00,,loss,-0.75,-0.75,0,0,11807.0,11933.5,short
IS,2023-03-14T00:00:00,,win,0.9121,0.9121,0,0,12265.5,12202.0,long
IS,2023-03-15T00:00:00,,loss,-0.75,-0.75,0,0,12124.25,12269.75,short
IS,2023-03-16T00:00:00,,loss,-0.75,-0.75,0,0,12278.25,12363.75,short
IS,2023-03-17T00:00:00,,loss,-0.75,-0.75,0,0,12777.25,12696.25,long
IS,2023-03-20T00:00:00,,loss,-0.75,-0.75,0,0,12523.5,12633.0,short
IS,2023-03-21T00:00:00,,loss,-0.75,-0.75,0,0,12735.0,12813.0,short
IS,2023-03-22T00:00:00,,win,0.9009,0.9009,0,0,12907.0,12851.0,long
IS,2023-03-23T00:00:00,,loss,-0.75,-0.75,0,0,12816.5,12888.5,short
IS,2023-03-24T00:00:00,,loss,-0.75,-0.75,0,0,12725.25,12844.75,short
IS,2023-03-27T00:00:00,,loss,-0.75,-0.75,0,0,12855.75,12925.75,short
IS,2023-03-28T00:00:00,,win,0.9483,0.9483,0,0,12667.0,12777.0,short
IS,2023-03-29T00:00:00,,loss,-0.75,-0.75,0,0,12945.25,12881.25,long
IS,2023-03-30T00:00:00,,loss,-0.75,-0.75,0,0,13010.5,13078.0,short
IS,2023-03-31T00:00:00,,win,0.9388,0.9388,0,0,13170.5,13078.0,long
IS,2023-04-03T00:00:00,,loss,-0.75,-0.75,0,0,13284.75,13197.75,long
IS,2023-04-04T00:00:00,,win,0.8864,0.8864,0,0,13247.75,13296.25,short
IS,2023-04-05T00:00:00,,win,0.8937,0.8937,0,0,13130.5,13182.5,short
IS,2023-04-06T00:00:00,,loss,-0.75,-0.75,0,0,12919.5,13013.5,short
IS,2023-04-10T00:00:00,,win,0.9127,0.9127,0,0,12986.5,13050.5,short
IS,2023-04-11T00:00:00,,win,0.93,0.93,0,0,13079.5,13160.0,short
IS,2023-04-12T00:00:00,,win,0.9378,0.9378,0,0,13090.0,13181.0,short
IS,2023-04-13T00:00:00,,win,0.9283,0.9283,0,0,13098.25,13019.75,long
IS,2023-04-14T00:00:00,,win,0.8946,0.8946,0,0,13185.75,13133.25,long
IS,2023-04-17T00:00:00,,loss,-0.75,-0.75,0,0,13215.5,13145.5,long
IS,2023-04-18T00:00:00,,loss,-0.75,-0.75,0,0,13307.75,13261.75,long
IS,2023-04-19T00:00:00,,loss,-0.75,-0.75,0,0,13167.75,13078.25,long
IS,2023-04-20T00:00:00,,win,0.9328,0.9328,0,0,13129.75,13045.75,long
IS,2023-04-21T00:00:00,,loss,-0.75,-0.75,0,0,13011.5,13074.0,short
IS,2023-04-24T00:00:00,,win,0.926,0.926,0,0,13130.0,13054.0,long
IS,2023-04-25T00:00:00,,loss,-0.75,-0.75,0,0,13038.75,12980.75,long
IS,2023-04-26T00:00:00,,loss,-0.75,-0.75,0,0,12867.25,12958.25,short
IS,2023-04-27T00:00:00,,loss,-0.75,-0.75,0,0,13076.25,13013.25,long
IS,2023-04-28T00:00:00,,loss,-0.75,-0.75,0,0,13159.0,13244.0,short
IS,2023-05-01T00:00:00,,loss,-0.75,-0.75,0,0,13273.5,13312.0,short
IS,2023-05-02T00:00:00,,loss,-0.75,-0.75,0,0,13257.75,13309.25,short
IS,2023-05-03T00:00:00,,win,0.8623,0.8623,0,0,13227.0,13187.5,long
IS,2023-05-04T00:00:00,,win,0.9304,0.9304,0,0,13005.5,13086.5,short
IS,2023-05-05T00:00:00,,win,0.9199,0.9199,0,0,13194.25,13124.25,long
IS,2023-05-08T00:00:00,,win,0.8537,0.8537,0,0,13273.25,13310.25,short
IS,2023-05-09T00:00:00,,loss,-0.75,-0.75,0,0,13261.0,13296.5,short
IS,2023-05-10T00:00:00,,loss,-0.75,-0.75,0,0,13313.5,13416.0,short
IS,2023-05-11T00:00:00,,loss,-0.75,-0.75,0,0,13323.5,13433.5,short
IS,2023-05-12T00:00:00,,win,0.8818,0.8818,0,0,13440.75,13487.25,short
IS,2023-05-15T00:00:00,,loss,-0.75,-0.75,0,0,13377.0,13419.5,short
IS,2023-05-17T00:00:00,,loss,-0.75,-0.75,0,0,13498.5,13540.0,short
IS,2023-05-18T00:00:00,,win,0.9041,0.9041,0,0,13710.75,13652.75,long
IS,2023-05-19T00:00:00,,win,0.848,0.848,0,0,13924.25,13888.75,long
IS,2023-05-22T00:00:00,,win,0.9316,0.9316,0,0,13929.5,13847.0,long
IS,2023-05-23T00:00:00,,loss,-0.75,-0.75,0,0,13905.75,13821.75,long
IS,2023-05-24T00:00:00,,loss,-0.75,-0.75,0,0,13701.75,13620.75,long
IS,2023-05-25T00:00:00,,loss,-0.75,-0.75,0,0,13807.5,13966.0,short
IS,2023-05-26T00:00:00,,win,0.914,0.914,0,0,14079.75,14014.75,long
IS,2023-05-29T00:00:00,,win,0.7657,0.7657,0,0,14390.0,14368.0,long
IS,2023-05-30T00:00:00,,loss,-0.75,-0.75,0,0,14582.0,14476.0,long
IS,2023-05-31T00:00:00,,win,0.93,0.93,0,0,14404.5,14324.0,long
IS,2023-06-01T00:00:00,,loss,-0.75,-0.75,0,0,14236.5,14306.0,short
IS,2023-06-02T00:00:00,,loss,-0.75,-0.75,0,0,14697.5,14542.5,long
IS,2023-06-05T00:00:00,,win,0.9274,0.9274,0,0,14645.25,14567.75,long
IS,2023-06-06T00:00:00,,loss,-0.75,-0.75,0,0,14470.75,14561.25,short
IS,2023-06-07T00:00:00,,win,0.9649,0.9649,0,0,14510.0,14673.5,short
IS,2023-06-08T00:00:00,,loss,-0.75,-0.75,0,0,14419.5,14331.0,long
IS,2023-06-09T00:00:00,,win,0.9182,0.9182,0,0,14625.0,14556.5,long
IS,2023-06-12T00:00:00,,loss,-0.75,-0.75,0,0,14744.5,14819.0,short
IS,2023-06-13T00:00:00,,loss,-0.75,-0.75,0,0,15147.75,15074.75,long
IS,2023-06-14T00:00:00,,loss,-0.75,-0.75,0,0,15032.5,15101.0,short
IS,2023-06-15T00:00:00,,win,0.9351,0.9351,0,0,15201.25,15114.25,long
IS,2023-06-16T00:00:00,,win,0.9638,0.9638,0,0,15317.0,15475.5,short
IS,2023-06-19T00:00:00,,win,0.7395,0.7395,0,0,15233.75,15253.25,short
IS,2023-06-20T00:00:00,,loss,-0.75,-0.75,0,0,15344.0,15204.0,long
IS,2023-06-21T00:00:00,,win,0.932,0.932,0,0,15136.25,15219.25,short
IS,2023-06-22T00:00:00,,win,0.9438,0.9438,0,0,15065.0,14964.0,long
IS,2023-06-23T00:00:00,,win,0.9427,0.9427,0,0,14985.0,15084.0,short
IS,2023-06-26T00:00:00,,win,0.9304,0.9304,0,0,15105.25,15024.25,long
IS,2023-06-27T00:00:00,,win,0.9278,0.9278,0,0,14976.0,14898.0,long
IS,2023-06-28T00:00:00,,win,0.9351,0.9351,0,0,15112.5,15025.5,long
IS,2023-06-29T00:00:00,,loss,-0.75,-0.75,0,0,15022.5,15142.5,short
IS,2023-06-30T00:00:00,,win,0.9153,0.9153,0,0,15304.25,15238.25,long
IS,2023-07-03T00:00:00,,loss,-0.75,-0.75,0,0,15395.25,15342.25,long
IS,2023-07-05T00:00:00,,win,0.9421,0.9421,0,0,15390.5,15292.5,long
IS,2023-07-06T00:00:00,,loss,-0.75,-0.75,0,0,15091.5,15214.0,short
IS,2023-07-07T00:00:00,,loss,-0.75,-0.75,0,0,15287.25,15199.25,long
IS,2023-07-10T00:00:00,,win,0.9404,0.9404,0,0,15119.5,15214.5,short
IS,2023-07-11T00:00:00,,loss,-0.75,-0.75,0,0,15244.75,15183.75,long
IS,2023-07-12T00:00:00,,loss,-0.75,-0.75,0,0,15475.75,15413.25,long
IS,2024-08-01T00:00:00,,win,0.9433,0.9433,0,0,19612.5,19512.5,long
IS,2024-08-02T00:00:00,,loss,-0.75,-0.75,0,0,18767.75,18541.75,long
IS,2024-08-05T00:00:00,,win,0.9855,0.9855,0,0,17909.75,17509.25,long
IS,2024-08-06T00:00:00,,loss,-0.75,-0.75,0,0,17957.75,18173.75,short
IS,2024-08-07T00:00:00,,loss,-0.75,-0.75,0,0,18605.75,18438.75,long
IS,2024-08-08T00:00:00,,win,0.9589,0.9589,0,0,18105.0,18244.0,short
IS,2024-08-09T00:00:00,,loss,-0.75,-0.75,0,0,18564.75,18450.75,long
IS,2024-08-12T00:00:00,,win,0.9231,0.9231,0,0,18596.75,18669.75,short
IS,2024-08-13T00:00:00,,win,0.9622,0.9622,0,0,18967.25,18815.75,long
IS,2024-08-14T00:00:00,,win,0.9593,0.9593,0,0,19034.5,19175.0,short
IS,2024-08-15T00:00:00,,loss,-0.75,-0.75,0,0,19426.75,19336.25,long
IS,2024-08-16T00:00:00,,loss,-0.75,-0.75,0,0,19567.5,19462.5,long
IS,2024-08-19T00:00:00,,win,0.9114,0.9114,0,0,19551.5,19614.5,short
IS,2024-08-20T00:00:00,,win,0.941,0.941,0,0,19912.75,19816.75,long
IS,2024-08-21T00:00:00,,win,0.9107,0.9107,0,0,19881.0,19818.5,long
IS,2024-08-22T00:00:00,,win,0.9287,0.9287,0,0,19946.75,20025.75,short
IS,2024-08-23T00:00:00,,win,0.9511,0.9511,0,0,19823.0,19706.5,long
IS,2024-08-26T00:00:00,,win,0.9517,0.9517,0,0,19683.5,19801.5,short
IS,2024-08-27T00:00:00,,win,0.9391,0.9391,0,0,19446.25,19539.25,short
IS,2024-08-28T00:00:00,,win,0.9221,0.9221,0,0,19584.75,19656.75,short
IS,2024-08-29T00:00:00,,loss,-0.75,-0.75,0,0,19703.5,19478.0,long
IS,2024-08-30T00:00:00,,loss,-0.75,-0.75,0,0,19639.25,19515.25,long
IS,2024-09-02T00:00:00,,loss,-0.75,-0.75,0,0,19602.25,19630.75,short
IS,2024-09-03T00:00:00,,win,0.9635,0.9635,0,0,19326.25,19483.25,short
IS,2024-09-04T00:00:00,,loss,-0.75,-0.75,0,0,18998.0,18860.0,long
IS,2024-09-05T00:00:00,,win,0.954,0.954,0,0,19008.75,18884.75,long
IS,2024-09-06T00:00:00,,win,0.9652,0.9652,0,0,18802.25,18967.25,short
IS,2024-09-09T00:00:00,,loss,-0.75,-0.75,0,0,18725.0,18605.0,long
IS,2024-09-10T00:00:00,,loss,-0.75,-0.75,0,0,18672.75,18821.75,short
IS,2024-09-11T00:00:00,,win,0.9549,0.9549,0,0,18780.0,18906.5,short
IS,2024-09-12T00:00:00,,loss,-0.75,-0.75,0,0,19353.0,19210.0,long
IS,2024-09-13T00:00:00,,win,0.9466,0.9466,0,0,19502.5,19396.0,long
IS,2024-09-16T00:00:00,,loss,-0.75,-0.75,0,0,19475.0,19676.0,short
IS,2024-09-17T00:00:00,,win,0.9513,0.9513,0,0,19711.75,19828.75,short
IS,2024-09-18T00:00:00,,loss,-0.75,-0.75,0,0,19641.25,19736.75,short
IS,2024-09-19T00:00:00,,loss,-0.75,-0.75,0,0,19985.0,20059.0,short
IS,2024-09-20T00:00:00,,win,0.9391,0.9391,0,0,19983.5,20076.5,short
IS,2024-09-23T00:00:00,,loss,-0.75,-0.75,0,0,20138.25,20035.25,long
IS,2024-09-24T00:00:00,,win,0.9456,0.9456,0,0,20049.5,20154.0,short
IS,2024-09-25T00:00:00,,loss,-0.75,-0.75,0,0,20249.75,20138.25,long
IS,2024-09-26T00:00:00,,win,0.9604,0.9604,0,0,20373.5,20518.0,short
IS,2024-09-27T00:00:00,,loss,-0.75,-0.75,0,0,20294.5,20383.0,short
IS,2024-09-30T00:00:00,,loss,-0.75,-0.75,0,0,20300.0,20168.5,long
IS,2024-10-01T00:00:00,,win,0.9725,0.9725,0,0,20056.75,20266.25,short
IS,2024-10-02T00:00:00,,win,0.9487,0.9487,0,0,19856.0,19967.0,short
IS,2024-10-03T00:00:00,,win,0.966,0.966,0,0,20063.5,19894.5,long
IS,2024-10-04T00:00:00,,win,0.9471,0.9471,0,0,20132.25,20239.75,short
IS,2024-10-07T00:00:00,,loss,-0.75,-0.75,0,0,20069.25,20160.75,short
IS,2024-10-08T00:00:00,,loss,-0.75,-0.75,0,0,20139.75,20073.75,long
IS,2024-10-09T00:00:00,,loss,-0.75,-0.75,0,0,20216.0,20290.0,short
IS,2024-10-10T00:00:00,,loss,-0.75,-0.75,0,0,20289.5,20390.0,short
IS,2024-10-11T00:00:00,,loss,-0.75,-0.75,0,0,20377.5,20318.0,long
IS,2024-10-14T00:00:00,,win,0.9378,0.9378,0,0,20631.75,20540.75,long
IS,2024-10-15T00:00:00,,loss,-0.75,-0.75,0,0,20682.75,20605.75,long
IS,2024-10-16T00:00:00,,win,0.9507,0.9507,0,0,20242.0,20357.5,short
IS,2024-10-17T00:00:00,,win,0.9724,0.9724,0,0,20367.5,20576.0,short
IS,2024-10-18T00:00:00,,win,0.9194,0.9194,0,0,20503.25,20433.75,long
IS,2024-10-21T00:00:00,,win,0.93,0.93,0,0,20503.5,20423.0,long
IS,2024-10-22T00:00:00,,win,0.9464,0.9464,0,0,20474.75,20368.75,long
IS,2024-10-23T00:00:00,,win,0.9492,0.9492,0,0,20350.75,20462.75,short
IS,2024-10-24T00:00:00,,loss,-0.75,-0.75,0,0,20246.75,20376.75,short
IS,2024-10-25T00:00:00,,win,0.9505,0.9505,0,0,20605.0,20490.0,long
IS,2024-10-28T00:00:00,,loss,-0.75,-0.75,0,0,20501.0,20627.0,short
IS,2024-10-29T00:00:00,,win,0.9683,0.9683,0,0,20617.75,20436.25,long
IS,2024-10-30T00:00:00,,win,0.9471,0.9471,0,0,20562.0,20669.5,short
IS,2024-10-31T00:00:00,,win,0.9753,0.9753,0,0,20135.5,20369.0,short
IS,2024-11-01T00:00:00,,win,0.9536,0.9536,0,0,20180.25,20057.25,long
IS,2024-11-04T00:00:00,,loss,-0.75,-0.75,0,0,19945.5,20142.0,short
IS,2024-11-05T00:00:00,,win,0.9575,0.9575,0,0,20281.5,20147.0,long
IS,2024-11-06T00:00:00,,loss,-0.75,-0.75,0,0,20829.25,20668.25,long
IS,2024-11-07T00:00:00,,win,0.9388,0.9388,0,0,21096.25,21003.75,long
IS,2024-11-08T00:00:00,,loss,-0.75,-0.75,0,0,21140.0,21232.0,short
IS,2024-11-11T00:00:00,,win,0.914,0.914,0,0,21227.5,21292.5,short
IS,2024-11-12T00:00:00,,loss,-0.75,-0.75,0,0,21262.5,21181.5,long
IS,2024-11-13T00:00:00,,loss,-0.75,-0.75,0,0,21120.75,21179.25,short
IS,2024-11-14T00:00:00,,win,0.9205,0.9205,0,0,21101.5,21172.0,short
IS,2024-11-15T00:00:00,,win,0.932,0.932,0,0,20691.0,20774.0,short
IS,2024-11-18T00:00:00,,loss,-0.75,-0.75,0,0,20599.25,20520.25,long
IS,2024-11-19T00:00:00,,loss,-0.75,-0.75,0,0,20606.0,20510.5,long
IS,2024-11-20T00:00:00,,win,0.9351,0.9351,0,0,20669.0,20756.0,short
IS,2024-11-21T00:00:00,,win,0.9773,0.9773,0,0,20652.5,20907.0,short
IS,2024-11-22T00:00:00,,loss,-0.75,-0.75,0,0,20879.25,20773.25,long
IS,2024-11-25T00:00:00,,loss,-0.75,-0.75,0,0,21099.75,20956.25,long
IS,2024-11-26T00:00:00,,loss,-0.75,-0.75,0,0,21051.0,20938.5,long
IS,2024-11-27T00:00:00,,win,0.9598,0.9598,0,0,20797.25,20939.75,short
IS,2024-11-28T00:00:00,,loss,-0.75,-0.75,0,0,20911.75,20873.75,long
IS,2024-11-29T00:00:00,,win,0.9287,0.9287,0,0,20884.75,20805.75,long
IS,2024-12-02T00:00:00,,win,0.97,0.97,0,0,21218.0,21026.5,long
IS,2024-12-03T00:00:00,,win,0.9451,0.9451,0,0,21238.25,21134.75,long
IS,2024-12-04T00:00:00,,loss,-0.75,-0.75,0,0,21359.5,21437.0,short
IS,2024-12-05T00:00:00,,loss,-0.75,-0.75,0,0,21485.25,21551.25,short
IS,2024-12-06T00:00:00,,win,0.9407,0.9407,0,0,21580.5,21485.0,long
IS,2024-12-09T00:00:00,,loss,-0.75,-0.75,0,0,21702.25,21582.75,long
IS,2024-12-10T00:00:00,,win,0.9025,0.9025,0,0,21562.25,21505.25,long
IS,2024-12-11T00:00:00,,win,0.9375,0.9375,0,0,21663.5,21573.0,long
IS,2024-12-12T00:00:00,,loss,-0.75,-0.75,0,0,21614.5,21696.5,short
IS,2024-12-13T00:00:00,,win,0.9025,0.9025,0,0,21847.25,21790.25,long
IS,2024-12-16T00:00:00,,loss,-0.75,-0.75,0,0,21975.5,21896.0,long
IS,2024-12-17T00:00:00,,loss,-0.75,-0.75,0,0,22389.25,22288.25,long
IS,2024-12-18T00:00:00,,loss,-0.75,-0.75,0,0,22143.75,22302.75,short
IS,2024-12-19T00:00:00,,win,0.9487,0.9487,0,0,21587.0,21698.0,short
IS,2024-12-20T00:00:00,,win,0.9332,0.9332,0,0,21268.75,21184.25,long
IS,2024-12-23T00:00:00,,win,0.9557,0.9557,0,0,21544.25,21673.25,short
IS,2024-12-24T00:00:00,,win,0.9372,0.9372,0,0,21889.0,21799.0,long
IS,2024-12-26T00:00:00,,loss,-0.75,-0.75,0,0,22027.25,21955.25,long
IS,2024-12-27T00:00:00,,win,0.9696,0.9696,0,0,21673.5,21863.0,short
IS,2024-12-30T00:00:00,,win,0.9631,0.9631,0,0,21261.5,21417.0,short
IS,2024-12-31T00:00:00,,win,0.9509,0.9509,0,0,21373.5,21489.5,short
IS,2025-01-02T00:00:00,,loss,-0.75,-0.75,0,0,21157.5,21373.0,short
IS,2025-01-03T00:00:00,,loss,-0.75,-0.75,0,0,21449.25,21276.75,long
IS,2025-01-06T00:00:00,,win,0.9542,0.9542,0,0,21848.25,21723.75,long
IS,2025-01-07T00:00:00,,loss,-0.75,-0.75,0,0,21686.75,21806.25,short
IS,2025-01-08T00:00:00,,loss,-0.75,-0.75,0,0,21256.5,21376.5,short
IS,2025-01-10T00:00:00,,win,0.9656,0.9656,0,0,21030.25,21197.25,short
IS,2025-01-13T00:00:00,,loss,-0.75,-0.75,0,0,20698.5,20786.0,short
IS,2025-01-14T00:00:00,,loss,-0.75,-0.75,0,0,21150.0,21018.0,long
IS,2025-01-15T00:00:00,,loss,-0.75,-0.75,0,0,21160.5,21285.0,short
IS,2025-01-16T00:00:00,,win,0.9689,0.9689,0,0,21313.0,21498.0,short
IS,2025-01-17T00:00:00,,loss,-0.75,-0.75,0,0,21442.5,21653.5,short
IS,2025-01-20T00:00:00,,win,0.8983,0.8983,0,0,21767.75,21713.25,long
IS,2025-01-21T00:00:00,,win,0.9177,0.9177,0,0,21650.5,21718.5,short
IS,2025-01-22T00:00:00,,win,0.964,0.964,0,0,22062.0,21902.5,long
IS,2025-01-23T00:00:00,,loss,-0.75,-0.75,0,0,21933.5,21866.0,long
IS,2025-01-24T00:00:00,,loss,-0.75,-0.75,0,0,21965.25,22052.75,short
IS,2025-01-27T00:00:00,,loss,-0.75,-0.75,0,0,21433.75,21108.25,long
IS,2025-01-28T00:00:00,,win,0.9638,0.9638,0,0,21161.25,21319.75,short
IS,2025-01-29T00:00:00,,win,0.961,0.961,0,0,21459.25,21606.25,short
IS,2025-01-30T00:00:00,,loss,-0.75,-0.75,0,0,21567.75,21668.75,short
IS,2025-01-31T00:00:00,,win,0.9607,0.9607,0,0,21911.25,21765.75,long
IS,2025-02-03T00:00:00,,loss,-0.75,-0.75,0,0,21333.25,21177.75,long
IS,2025-02-04T00:00:00,,win,0.9534,0.9534,0,0,21527.5,21405.0,long
IS,2025-02-05T00:00:00,,win,0.9358,0.9358,0,0,21607.0,21519.0,long
IS,2025-02-06T00:00:00,,win,0.9347,0.9347,0,0,21824.5,21738.0,long
IS,2025-02-07T00:00:00,,loss,-0.75,-0.75,0,0,22036.5,21869.5,long
IS,2025-02-10T00:00:00,,loss,-0.75,-0.75,0,0,21817.75,21742.25,long
IS,2025-02-11T00:00:00,,win,0.9639,0.9639,0,0,21859.25,21700.25,long
IS,2025-02-12T00:00:00,,win,0.9521,0.9521,0,0,21654.75,21535.75,long
IS,2025-02-13T00:00:00,,loss,-0.75,-0.75,0,0,21775.0,21950.0,short
IS,2025-02-14T00:00:00,,loss,-0.75,-0.75,0,0,22181.75,22094.75,long
IS,2025-02-17T00:00:00,,loss,-0.75,-0.75,0,0,22190.0,22242.0,short
IS,2025-02-18T00:00:00,,win,0.9375,0.9375,0,0,22177.5,22268.0,short
IS,2025-02-19T00:00:00,,loss,-0.75,-0.75,0,0,22247.25,22172.75,long
IS,2025-02-20T00:00:00,,win,0.949,0.949,0,0,22115.5,22227.0,short
IS,2025-02-21T00:00:00,,win,0.9476,0.9476,0,0,22079.5,22188.0,short
IS,2025-02-24T00:00:00,,win,0.9591,0.9591,0,0,21661.75,21801.75,short
IS,2025-02-25T00:00:00,,loss,-0.75,-0.75,0,0,21270.5,21393.5,short
IS,2025-02-26T00:00:00,,loss,-0.75,-0.75,0,0,21291.75,21192.25,long
IS,2025-02-27T00:00:00,,loss,-0.75,-0.75,0,0,21419.75,21320.25,long
IS,2025-02-28T00:00:00,,win,0.9788,0.9788,0,0,20732.25,20460.25,long
IS,2025-03-03T00:00:00,,win,0.9706,0.9706,0,0,20924.75,21120.75,short
IS,2025-03-04T00:00:00,,loss,-0.75,-0.75,0,0,20470.5,20258.5,long
IS,2025-03-05T00:00:00,,win,0.9554,0.9554,0,0,20318.25,20446.25,short
IS,2025-03-06T00:00:00,,loss,-0.75,-0.75,0,0,20395.0,20238.5,long
IS,2025-03-07T00:00:00,,loss,-0.75,-0.75,0,0,20181.75,20024.25,long
IS,2025-03-10T00:00:00,,win,0.9739,0.9739,0,0,19677.0,19898.0,short
IS,2025-03-11T00:00:00,,win,0.9617,0.9617,0,0,19536.0,19386.5,long
IS,2025-03-12T00:00:00,,win,0.9719,0.9719,0,0,19568.25,19773.25,short
IS,2025-03-13T00:00:00,,loss,-0.75,-0.75,0,0,19445.0,19577.0,short
IS,2025-03-14T00:00:00,,loss,-0.75,-0.75,0,0,19642.0,19450.0,long
IS,2025-03-17T00:00:00,,win,0.9625,0.9625,0,0,19837.0,19684.0,long
IS,2025-03-18T00:00:00,,win,0.9554,0.9554,0,0,19772.75,19900.75,short
IS,2025-03-19T00:00:00,,win,0.9413,0.9413,0,0,19718.5,19815.0,short
IS,2025-03-20T00:00:00,,win,0.9752,0.9752,0,0,19989.75,19756.75,long
IS,2025-03-21T00:00:00,,win,0.9681,0.9681,0,0,19802.0,19622.0,long
IS,2025-03-24T00:00:00,,loss,-0.75,-0.75,0,0,20320.25,20228.75,long
IS,2025-03-25T00:00:00,,loss,-0.75,-0.75,0,0,20457.0,20386.5,long
IS,2025-03-26T00:00:00,,loss,-0.75,-0.75,0,0,20509.25,20412.75,long
IS,2025-03-27T00:00:00,,loss,-0.75,-0.75,0,0,19883.25,20069.75,short
IS,2025-03-28T00:00:00,,loss,-0.75,-0.75,0,0,19998.0,19839.5,long
IS,2025-03-31T00:00:00,,loss,-0.75,-0.75,0,0,18834.75,19192.25,short
IS,2025-04-01T00:00:00,,loss,-0.75,-0.75,0,0,19261.5,19433.0,short
IS,2025-04-02T00:00:00,,win,0.9719,0.9719,0,0,19522.0,19317.0,long
IS,2025-04-03T00:00:00,,loss,-0.75,-0.75,0,0,19203.25,18910.75,long
IS,2025-04-04T00:00:00,,loss,-0.75,-0.75,0,0,17943.25,18248.75,short
IS,2025-04-07T00:00:00,,win,0.9778,0.9778,0,0,16720.75,16981.25,short
IS,2025-04-08T00:00:00,,loss,-0.75,-0.75,0,0,18018.0,18202.0,short
IS,2025-04-09T00:00:00,,win,0.9827,0.9827,0,0,17531.75,17196.25,long
IS,2025-04-10T00:00:00,,loss,-0.75,-0.75,0,0,18611.25,18871.75,short
IS,2025-04-11T00:00:00,,win,0.9772,0.9772,0,0,18606.5,18353.5,long
IS,2025-04-14T00:00:00,,win,0.9656,0.9656,0,0,19088.25,19255.25,short
IS,2025-04-15T00:00:00,,win,0.9618,0.9618,0,0,19118.0,18968.0,long
IS,2025-04-16T00:00:00,,loss,-0.75,-0.75,0,0,18748.0,18572.5,long
IS,2025-04-17T00:00:00,,loss,-0.75,-0.75,0,0,18310.5,18509.5,short
IS,2025-04-21T00:00:00,,win,0.9328,0.9328,0,0,18081.75,18165.75,short
IS,2025-04-22T00:00:00,,win,0.9466,0.9466,0,0,18213.0,18106.5,long
IS,2025-04-23T00:00:00,,loss,-0.75,-0.75,0,0,18866.75,19007.25,short
IS,2025-04-24T00:00:00,,loss,-0.75,-0.75,0,0,18942.5,18846.5,long
IS,2025-04-25T00:00:00,,loss,-0.75,-0.75,0,0,19407.25,19256.25,long
IS,2025-04-28T00:00:00,,loss,-0.75,-0.75,0,0,19660.5,19489.0,long
IS,2025-04-29T00:00:00,,loss,-0.75,-0.75,0,0,19350.0,19471.5,short
IS,2025-04-30T00:00:00,,win,0.9605,0.9605,0,0,19159.25,19304.25,short
IS,2025-05-01T00:00:00,,loss,-0.75,-0.75,0,0,19835.0,19990.5,short
IS,2025-05-02T00:00:00,,loss,-0.75,-0.75,0,0,20021.0,20125.0,short
IS,2025-05-05T00:00:00,,loss,-0.75,-0.75,0,0,20077.75,19993.25,long
IS,2025-05-06T00:00:00,,loss,-0.75,-0.75,0,0,19908.75,19779.25,long
IS,2025-05-07T00:00:00,,loss,-0.75,-0.75,0,0,19976.0,19866.0,long
IS,2025-05-08T00:00:00,,win,0.9549,0.9549,0,0,20048.0,20174.5,short
IS,2025-05-09T00:00:00,,loss,-0.75,-0.75,0,0,20297.25,20226.75,long
IS,2025-05-12T00:00:00,,loss,-0.75,-0.75,0,0,20681.25,20922.25,short
IS,2025-05-13T00:00:00,,win,0.957,0.957,0,0,21106.25,20973.25,long
IS,2025-05-14T00:00:00,,loss,-0.75,-0.75,0,0,21477.5,21314.0,long
IS,2025-05-15T00:00:00,,loss,-0.75,-0.75,0,0,21224.25,21339.25,short
IS,2025-05-16T00:00:00,,win,0.9459,0.9459,0,0,21365.25,21470.25,short
IS,2025-05-19T00:00:00,,win,0.9543,0.9543,0,0,21326.5,21201.5,long
IS,2025-05-20T00:00:00,,loss,-0.75,-0.75,0,0,21376.75,21436.75,short
IS,2025-05-21T00:00:00,,win,0.9581,0.9581,0,0,21413.5,21277.0,long
IS,2025-05-22T00:00:00,,win,0.9713,0.9713,0,0,21320.0,21119.5,long
IS,2025-05-23T00:00:00,,loss,-0.75,-0.75,0,0,21026.5,20821.5,long
IS,2025-05-26T00:00:00,,loss,-0.75,-0.75,0,0,21348.75,21258.75,long
IS,2025-05-27T00:00:00,,loss,-0.75,-0.75,0,0,21161.0,21284.5,short
IS,2025-05-28T00:00:00,,win,0.9231,0.9231,0,0,21563.25,21490.25,long
IS,2025-05-29T00:00:00,,win,0.9718,0.9718,0,0,21474.75,21679.25,short
IS,2025-05-30T00:00:00,,win,0.9547,0.9547,0,0,21264.75,21390.75,short
IS,2025-06-02T00:00:00,,loss,-0.75,-0.75,0,0,21541.75,21286.75,long
IS,2025-06-03T00:00:00,,win,0.9629,0.9629,0,0,21673.25,21518.75,long
IS,2025-06-04T00:00:00,,loss,-0.75,-0.75,0,0,21799.25,21716.75,long
IS,2025-06-05T00:00:00,,loss,-0.75,-0.75,0,0,21678.5,21840.0,short
IS,2025-06-06T00:00:00,,loss,-0.75,-0.75,0,0,21873.0,21768.0,long
IS,2025-06-09T00:00:00,,loss,-0.75,-0.75,0,0,21738.0,21815.0,short
IS,2025-06-10T00:00:00,,loss,-0.75,-0.75,0,0,21914.5,21818.0,long
IS,2025-06-11T00:00:00,,loss,-0.75,-0.75,0,0,21898.75,22024.75,short
IS,2025-06-12T00:00:00,,win,0.9507,0.9507,0,0,21931.5,21816.0,long
IS,2025-06-13T00:00:00,,loss,-0.75,-0.75,0,0,21893.0,21663.5,long
IS,2025-06-16T00:00:00,,win,0.9664,0.9664,0,0,22184.5,22013.5,long
IS,2025-06-17T00:00:00,,loss,-0.75,-0.75,0,0,22000.5,22110.0,short
IS,2025-06-18T00:00:00,,win,0.9589,0.9589,0,0,22065.5,21926.5,long
IS,2025-06-19T00:00:00,,win,0.9153,0.9153,0,0,21720.75,21786.75,short
IS,2025-06-20T00:00:00,,loss,-0.75,-0.75,0,0,22160.5,22040.0,long
IS,2025-06-23T00:00:00,,win,0.9745,0.9745,0,0,21985.0,21758.5,long
IS,2025-06-24T00:00:00,,loss,-0.75,-0.75,0,0,22370.5,22260.0,long
IS,2025-06-25T00:00:00,,loss,-0.75,-0.75,0,0,22570.75,22490.25,long
IS,2025-06-26T00:00:00,,loss,-0.75,-0.75,0,0,22467.0,22566.5,short
IS,2025-06-27T00:00:00,,win,0.9394,0.9394,0,0,22775.5,22682.0,long
IS,2025-06-30T00:00:00,,loss,-0.75,-0.75,0,0,22758.5,22875.5,short
IS,2025-07-01T00:00:00,,loss,-0.75,-0.75,0,0,22764.75,22821.25,short
IS,2025-07-02T00:00:00,,win,0.9304,0.9304,0,0,22731.75,22650.75,long
IS,2025-07-03T00:00:00,,win,0.9496,0.9496,0,0,23042.75,22929.75,long
IS,2025-07-04T00:00:00,,win,0.8519,0.8519,0,0,22887.5,22924.0,short
IS,2025-07-07T00:00:00,,loss,-0.75,-0.75,0,0,22824.5,22975.5,short
IS,2025-07-08T00:00:00,,win,0.9397,0.9397,0,0,22850.0,22944.0,short
IS,2025-07-09T00:00:00,,win,0.9451,0.9451,0,0,23081.25,22977.75,long
IS,2025-07-10T00:00:00,,win,0.958,0.958,0,0,22953.75,23089.75,short
IS,2025-07-11T00:00:00,,loss,-0.75,-0.75,0,0,22860.25,22958.25,short
IS,2025-07-14T00:00:00,,win,0.9503,0.9503,0,0,22864.5,22979.0,short
IS,2025-07-15T00:00:00,,win,0.9538,0.9538,0,0,23099.25,23222.75,short
IS,2025-07-16T00:00:00,,win,0.9593,0.9593,0,0,22949.5,23090.0,short
IS,2025-07-17T00:00:00,,win,0.9469,0.9469,0,0,23172.75,23065.75,long
IS,2025-07-18T00:00:00,,win,0.9324,0.9324,0,0,23226.5,23310.0,short
IS,2025-07-21T00:00:00,,win,0.9385,0.9385,0,0,23347.0,23255.0,long
IS,2025-07-22T00:00:00,,win,0.9597,0.9597,0,0,23207.75,23349.75,short
IS,2025-07-23T00:00:00,,loss,-0.75,-0.75,0,0,23101.25,23264.25,short
IS,2025-07-24T00:00:00,,loss,-0.75,-0.75,0,0,23282.0,23399.5,short
IS,2025-07-25T00:00:00,,loss,-0.75,-0.75,0,0,23402.0,23344.5,long
IS,2025-07-28T00:00:00,,loss,-0.75,-0.75,0,0,23536.5,23462.5,long
IS,2025-07-29T00:00:00,,loss,-0.75,-0.75,0,0,23679.75,23592.75,long
IS,2025-07-30T00:00:00,,win,0.9316,0.9316,0,0,23532.75,23450.25,long
IS,2025-07-31T00:00:00,,win,0.9709,0.9709,0,0,23554.25,23752.25,short
IS,2025-08-01T00:00:00,,win,0.9698,0.9698,0,0,22905.0,23095.5,short
IS,2025-08-04T00:00:00,,win,0.9332,0.9332,0,0,23173.25,23088.75,long
IS,2025-08-05T00:00:00,,loss,-0.75,-0.75,0,0,23411.5,23303.5,long
IS,2025-08-06T00:00:00,,loss,-0.75,-0.75,0,0,23084.5,23222.5,short
IS,2025-08-07T00:00:00,,loss,-0.75,-0.75,0,0,23680.25,23582.75,long
IS,2025-08-08T00:00:00,,win,0.9378,0.9378,0,0,23621.0,23530.0,long
IS,2025-08-11T00:00:00,,win,0.9433,0.9433,0,0,23781.0,23681.0,long
IS,2025-08-12T00:00:00,,loss,-0.75,-0.75,0,0,23854.0,23710.0,long
IS,2025-08-13T00:00:00,,loss,-0.75,-0.75,0,0,23989.5,24067.5,short
IS,2025-08-14T00:00:00,,win,0.9545,0.9545,0,0,23966.75,23841.25,long
IS,2025-08-15T00:00:00,,win,0.9533,0.9533,0,0,23788.75,23910.75,short
IS,2025-08-18T00:00:00,,loss,-0.75,-0.75,0,0,23718.75,23816.25,short
IS,2025-08-19T00:00:00,,win,0.9731,0.9731,0,0,23556.75,23770.75,short
IS,2025-08-20T00:00:00,,win,0.9593,0.9593,0,0,23291.5,23432.0,short
IS,2020-05-25T00:00:00,,win,0.6332,0.6332,0,0,9526.5,9513.5,long
IS,2020-05-26T00:00:00,,win,0.93,0.93,0,0,9489.25,9569.75,short
IS,2020-05-27T00:00:00,,win,0.9304,0.9304,0,0,9304.25,9385.25,short
IS,2020-05-28T00:00:00,,win,0.9246,0.9246,0,0,9456.75,9382.25,long
IS,2020-05-29T00:00:00,,loss,-0.75,-0.75,0,0,9507.25,9422.75,long
IS,2020-06-01T00:00:00,,win,0.9365,0.9365,0,0,9594.5,9505.5,long
IS,2020-06-02T00:00:00,,loss,-0.75,-0.75,0,0,9538.5,9605.5,short
IS,2020-06-03T00:00:00,,loss,-0.75,-0.75,0,0,9618.5,9697.5,short
IS,2020-06-04T00:00:00,,win,0.8842,0.8842,0,0,9717.25,9669.75,long
IS,2020-06-05T00:00:00,,win,0.9269,0.9269,0,0,9730.25,9653.25,long
IS,2020-06-08T00:00:00,,loss,-0.75,-0.75,0,0,9840.5,9794.0,long
IS,2020-06-09T00:00:00,,win,0.9017,0.9017,0,0,9908.25,9851.75,long
IS,2020-06-10T00:00:00,,loss,-0.75,-0.75,0,0,10083.25,10026.75,long
IS,2020-06-11T00:00:00,,loss,-0.75,-0.75,0,0,9860.75,9954.75,short
IS,2020-06-12T00:00:00,,win,0.9194,0.9194,0,0,9845.75,9776.25,long
IS,2020-06-15T00:00:00,,win,0.9594,0.9594,0,0,9612.5,9471.5,long
IS,2020-06-16T00:00:00,,loss,-0.75,-0.75,0,0,9915.5,9984.0,short
IS,2020-06-17T00:00:00,,loss,-0.75,-0.75,0,0,10044.5,9976.0,long
IS,2020-06-18T00:00:00,,loss,-0.75,-0.75,0,0,9920.5,9979.5,short
IS,2020-06-19T00:00:00,,loss,-0.75,-0.75,0,0,10123.25,10075.75,long
IS,2020-06-22T00:00:00,,loss,-0.75,-0.75,0,0,9965.25,10006.25,short
IS,2020-06-23T00:00:00,,loss,-0.75,-0.75,0,0,10207.0,10160.0,long
IS,2020-06-24T00:00:00,,win,0.9017,0.9017,0,0,10218.5,10162.0,long
IS,2020-06-25T00:00:00,,win,0.9114,0.9114,0,0,9954.5,10017.5,short
IS,2020-06-26T00:00:00,,win,0.9287,0.9287,0,0,10003.5,10082.5,short
IS,2020-06-29T00:00:00,,win,0.9332,0.9332,0,0,9765.5,9850.0,short
IS,2020-06-30T00:00:00,,win,0.934,0.934,0,0,10028.5,9943.0,long
IS,2020-07-01T00:00:00,,loss,-0.75,-0.75,0,0,10086.5,10193.5,short
IS,2020-07-02T00:00:00,,loss,-0.75,-0.75,0,0,10436.5,10366.5,long
IS,2020-07-03T00:00:00,,loss,-0.75,-0.75,0,0,10333.75,10357.75,short
IS,2020-07-06T00:00:00,,win,0.8853,0.8853,0,0,10517.75,10469.75,long
IS,2020-07-07T00:00:00,,loss,-0.75,-0.75,0,0,10508.5,10616.5,short
IS,2020-07-08T00:00:00,,loss,-0.75,-0.75,0,0,10649.0,10566.5,long
IS,2020-07-09T00:00:00,,win,0.8956,0.8956,0,0,10694.5,10747.5,short
IS,2020-07-10T00:00:00,,win,0.9536,0.9536,0,0,10626.25,10749.25,short
IS,2020-07-13T00:00:00,,win,0.9215,0.9215,0,0,11001.0,10929.5,long
IS,2020-07-14T00:00:00,,loss,-0.75,-0.75,0,0,10710.0,10480.5,long
IS,2020-07-15T00:00:00,,loss,-0.75,-0.75,0,0,10648.5,10737.5,short
IS,2020-07-16T00:00:00,,loss,-0.75,-0.75,0,0,10494.0,10599.0,short
IS,2020-07-17T00:00:00,,win,0.8755,0.8755,0,0,10606.0,10650.0,short
IS,2020-07-20T00:00:00,,win,0.9177,0.9177,0,0,10616.5,10684.5,short
IS,2020-07-21T00:00:00,,win,0.9287,0.9287,0,0,10924.25,11003.25,short
IS,2020-07-22T00:00:00,,loss,-0.75,-0.75,0,0,10928.5,10820.5,long
IS,2020-07-23T00:00:00,,loss,-0.75,-0.75,0,0,10891.25,10798.75,long
IS,2020-07-24T00:00:00,,win,0.9456,0.9456,0,0,10327.5,10432.0,short
IS,2020-07-27T00:00:00,,win,0.9487,0.9487,0,0,10624.5,10513.5,long
IS,2020-07-28T00:00:00,,loss,-0.75,-0.75,0,0,10537.75,10646.75,short
IS,2020-07-29T00:00:00,,loss,-0.75,-0.75,0,0,10543.25,10608.25,short
IS,2020-07-30T00:00:00,,loss,-0.75,-0.75,0,0,10484.75,10617.75,short
IS,2020-07-31T00:00:00,,win,0.9614,0.9614,0,0,10752.75,10901.25,short
IS,2020-08-03T00:00:00,,win,0.9351,0.9351,0,0,11067.5,10980.5,long
IS,2020-08-04T00:00:00,,loss,-0.75,-0.75,0,0,10984.0,11043.5,short
IS,2020-08-05T00:00:00,,loss,-0.75,-0.75,0,0,11143.5,11064.5,long
IS,2020-08-06T00:00:00,,loss,-0.75,-0.75,0,0,11071.75,11120.25,short
IS,2020-08-07T00:00:00,,loss,-0.75,-0.75,0,0,11273.75,11207.75,long
IS,2020-08-10T00:00:00,,win,0.9,0.9,0,0,11088.75,11144.25,short
IS,2020-08-11T00:00:00,,loss,-0.75,-0.75,0,0,10920.25,11030.25,short
IS,2020-08-12T00:00:00,,win,0.9413,0.9413,0,0,11054.0,10957.5,long
IS,2020-08-13T00:00:00,,loss,-0.75,-0.75,0,0,11245.0,11164.0,long
IS,2020-08-14T00:00:00,,loss,-0.75,-0.75,0,0,11235.0,11165.5,long
IS,2020-08-17T00:00:00,,win,0.883,0.883,0,0,11268.75,11221.75,long
IS,2020-08-18T00:00:00,,win,0.8818,0.8818,0,0,11372.25,11325.75,long
IS,2020-08-19T00:00:00,,loss,-0.75,-0.75,0,0,11441.25,11369.25,long
IS,2020-08-20T00:00:00,,win,0.9291,0.9291,0,0,11346.0,11266.5,long
IS,2020-08-21T00:00:00,,loss,-0.75,-0.75,0,0,11442.25,11489.25,short
IS,2020-08-24T00:00:00,,loss,-0.75,-0.75,0,0,11725.25,11681.75,long
IS,2020-08-25T00:00:00,,loss,-0.75,-0.75,0,0,11648.25,11574.75,long
IS,2020-08-26T00:00:00,,loss,-0.75,-0.75,0,0,11798.25,11762.75,long
IS,2020-08-27T00:00:00,,loss,-0.75,-0.75,0,0,11855.5,12016.0,short
IS,2020-08-28T00:00:00,,loss,-0.75,-0.75,0,0,12018.0,11973.0,long
IS,2020-08-31T00:00:00,,loss,-0.75,-0.75,0,0,11962.0,12037.5,short
IS,2020-09-01T00:00:00,,win,0.9627,0.9627,0,0,12279.5,12126.0,long
IS,2020-09-02T00:00:00,,win,0.9418,0.9418,0,0,12337.25,12434.75,short
IS,2020-09-03T00:00:00,,win,0.9567,0.9567,0,0,12110.5,12242.5,short
IS,2020-09-04T00:00:00,,loss,-0.75,-0.75,0,0,11987.5,11683.0,long
IS,2020-09-07T00:00:00,,loss,-0.75,-0.75,0,0,11511.25,11455.75,long
IS,2020-09-08T00:00:00,,loss,-0.75,-0.75,0,0,11323.25,11138.25,long
IS,2020-09-09T00:00:00,,win,0.949,0.949,0,0,11194.0,11305.5,short
IS,2020-09-10T00:00:00,,loss,-0.75,-0.75,0,0,11418.25,11546.25,short
IS,2020-09-11T00:00:00,,loss,-0.75,-0.75,0,0,11086.0,11280.5,short
IS,2020-09-14T00:00:00,,loss,-0.75,-0.75,0,0,11157.5,11252.0,short
IS,2020-09-15T00:00:00,,win,0.8907,0.8907,0,0,11450.5,11400.0,long
IS,2020-09-16T00:00:00,,loss,-0.75,-0.75,0,0,11419.5,11474.0,short
IS,2020-09-17T00:00:00,,win,0.9523,0.9523,0,0,11064.5,10945.0,long
IS,2020-09-18T00:00:00,,win,0.9473,0.9473,0,0,11026.75,11134.75,short
IS,2020-09-21T00:00:00,,loss,-0.75,-0.75,0,0,10666.75,10812.25,short
IS,2020-09-22T00:00:00,,win,0.9351,0.9351,0,0,10987.5,11074.5,short
IS,2020-09-23T00:00:00,,win,0.9416,0.9416,0,0,11064.0,11161.0,short
IS,2020-09-24T00:00:00,,win,0.9619,0.9619,0,0,10859.0,10708.5,long
IS,2020-09-25T00:00:00,,loss,-0.75,-0.75,0,0,10812.75,10913.25,short
IS,2020-09-28T00:00:00,,win,0.9316,0.9316,0,0,11260.75,11343.25,short
IS,2020-09-29T00:00:00,,loss,-0.75,-0.75,0,0,11406.75,11330.25,long
IS,2020-09-30T00:00:00,,win,0.9478,0.9478,0,0,11419.25,11310.25,long
IS,2020-10-01T00:00:00,,loss,-0.75,-0.75,0,0,11501.5,11568.0,short
IS,2020-10-02T00:00:00,,win,0.9636,0.9636,0,0,11458.25,11300.75,long
IS,2020-10-05T00:00:00,,win,0.9041,0.9041,0,0,11379.25,11321.25,long
IS,2020-10-06T00:00:00,,loss,-0.75,-0.75,0,0,11411.0,11479.0,short
IS,2020-10-07T00:00:00,,loss,-0.75,-0.75,0,0,11471.5,11385.0,long
IS,2020-10-08T00:00:00,,win,0.9025,0.9025,0,0,11520.0,11577.0,short
IS,2020-10-09T00:00:00,,win,0.9,0.9,0,0,11643.5,11588.0,long
IS,2020-10-12T00:00:00,,loss,-0.75,-0.75,0,0,11951.75,11875.75,long
IS,2020-10-13T00:00:00,,loss,-0.75,-0.75,0,0,12001.0,12153.5,short
IS,2020-10-14T00:00:00,,loss,-0.75,-0.75,0,0,12154.0,12071.5,long
IS,2020-10-15T00:00:00,,loss,-0.75,-0.75,0,0,11914.75,11753.75,long
IS,2020-10-16T00:00:00,,loss,-0.75,-0.75,0,0,11999.0,11926.5,long
IS,2020-10-19T00:00:00,,win,0.8853,0.8853,0,0,11944.25,11896.25,long
IS,2020-10-20T00:00:00,,loss,-0.75,-0.75,0,0,11607.0,11702.0,short
IS,2020-10-21T00:00:00,,win,0.934,0.934,0,0,11741.0,11655.5,long
IS,2020-10-22T00:00:00,,win,0.9283,0.9283,0,0,11645.25,11723.75,short
IS,2020-10-23T00:00:00,,win,0.9443,0.9443,0,0,11576.5,11678.5,short
IS,2020-10-26T00:00:00,,win,0.9483,0.9483,0,0,11676.5,11566.5,long
IS,2020-10-27T00:00:00,,loss,-0.75,-0.75,0,0,11609.75,11498.25,long
IS,2020-10-28T00:00:00,,win,0.9545,0.9545,0,0,11297.5,11423.0,short
IS,2020-10-29T00:00:00,,loss,-0.75,-0.75,0,0,11137.0,11241.0,short
IS,2020-10-30T00:00:00,,win,0.9449,0.9449,0,0,11178.25,11281.25,short
IS,2020-11-02T00:00:00,,win,0.9381,0.9381,0,0,11200.0,11108.5,long
IS,2020-11-03T00:00:00,,win,0.9424,0.9424,0,0,11202.0,11103.5,long
IS,2020-11-04T00:00:00,,loss,-0.75,-0.75,0,0,11542.0,11670.5,short
IS,2020-11-05T00:00:00,,win,0.9543,0.9543,0,0,12097.75,11972.75,long
IS,2020-11-06T00:00:00,,win,0.9625,0.9625,0,0,11896.5,12049.5,short
IS,2020-11-09T00:00:00,,loss,-0.75,-0.75,0,0,11960.0,12212.0,short
IS,2020-11-10T00:00:00,,win,0.9533,0.9533,0,0,11627.5,11749.5,short
IS,2020-11-11T00:00:00,,win,0.9231,0.9231,0,0,11775.25,11702.25,long
IS,2020-11-12T00:00:00,,loss,-0.75,-0.75,0,0,11979.0,11881.0,long
IS,2020-11-13T00:00:00,,loss,-0.75,-0.75,0,0,11943.5,11876.0,long
IS,2020-11-16T00:00:00,,win,0.926,0.926,0,0,11963.5,11887.5,long
IS,2020-11-17T00:00:00,,win,0.8842,0.8842,0,0,11994.25,12041.75,short
IS,2020-11-18T00:00:00,,loss,-0.75,-0.75,0,0,11995.0,11943.0,long
IS,2020-11-19T00:00:00,,win,0.9215,0.9215,0,0,11920.0,11848.5,long
IS,2020-11-20T00:00:00,,loss,-0.75,-0.75,0,0,11934.75,11985.25,short
IS,2020-11-23T00:00:00,,loss,-0.75,-0.75,0,0,12003.5,11945.5,long
IS,2020-11-24T00:00:00,,win,0.8992,0.8992,0,0,11901.25,11956.25,short
IS,2020-11-25T00:00:00,,loss,-0.75,-0.75,0,0,12155.0,12099.0,long
IS,2020-11-26T00:00:00,,win,0.8499,0.8499,0,0,12179.0,12215.0,short
IS,2020-11-27T00:00:00,,loss,-0.75,-0.75,0,0,12289.0,12214.5,long
IS,2020-11-30T00:00:00,,win,0.9127,0.9127,0,0,12235.75,12299.75,short
IS,2020-12-01T00:00:00,,win,0.9397,0.9397,0,0,12432.25,12338.25,long
IS,2020-12-02T00:00:00,,loss,-0.75,-0.75,0,0,12307.75,12397.75,short
IS,2020-12-03T00:00:00,,win,0.921,0.921,0,0,12534.5,12463.5,long
IS,2020-12-04T00:00:00,,loss,-0.75,-0.75,0,0,12428.5,12482.0,short
IS,2020-12-07T00:00:00,,win,0.9017,0.9017,0,0,12582.5,12526.0,long
IS,2020-12-08T00:00:00,,win,0.9231,0.9231,0,0,12514.5,12587.5,short
IS,2020-12-09T00:00:00,,loss,-0.75,-0.75,0,0,12557.5,12632.0,short
IS,2020-12-10T00:00:00,,win,0.9581,0.9581,0,0,12354.5,12218.0,long
IS,2020-12-11T00:00:00,,loss,-0.75,-0.75,0,0,12237.75,12353.75,short
IS,2020-12-14T00:00:00,,win,0.9153,0.9153,0,0,12487.25,12421.25,long
IS,2020-12-15T00:00:00,,loss,-0.75,-0.75,0,0,12500.75,12584.75,short
IS,2020-12-16T00:00:00,,loss,-0.75,-0.75,0,0,12561.5,12625.5,short
IS,2020-12-17T00:00:00,,win,0.9079,0.9079,0,0,12701.75,12762.25,short
IS,2020-12-18T00:00:00,,win,0.9194,0.9194,0,0,12718.5,12788.0,short
IS,2020-12-21T00:00:00,,loss,-0.75,-0.75,0,0,12706.5,12570.0,long
IS,2020-12-22T00:00:00,,loss,-0.75,-0.75,0,0,12756.25,12683.25,long
IS,2020-12-23T00:00:00,,loss,-0.75,-0.75,0,0,12644.0,12723.5,short
IS,2020-12-24T00:00:00,,win,0.9121,0.9121,0,0,12719.5,12656.0,long
IS,2020-12-28T00:00:00,,win,0.9114,0.9114,0,0,12757.0,12820.0,short
IS,2020-12-29T00:00:00,,win,0.9241,0.9241,0,0,12841.0,12915.0,short
IS,2020-12-30T00:00:00,,win,0.9324,0.9324,0,0,12826.25,12909.75,short
IS,2020-12-31T00:00:00,,loss,-0.75,-0.75,0,0,12807.75,12849.75,short
IS,2021-01-04T00:00:00,,win,0.9375,0.9375,0,0,12850.75,12941.25,short
IS,2021-01-05T00:00:00,,win,0.9401,0.9401,0,0,12745.0,12650.5,long
IS,2021-01-06T00:00:00,,win,0.9616,0.9616,0,0,12700.75,12551.75,long
IS,2021-01-07T00:00:00,,win,0.9449,0.9449,0,0,12829.5,12726.5,long
IS,2021-01-08T00:00:00,,loss,-0.75,-0.75,0,0,13092.25,12985.75,long
IS,2021-01-11T00:00:00,,loss,-0.75,-0.75,0,0,12883.5,12975.0,short
IS,2021-01-12T00:00:00,,loss,-0.75,-0.75,0,0,12972.5,12895.0,long
IS,2021-01-13T00:00:00,,loss,-0.75,-0.75,0,0,12858.0,12916.5,short
IS,2021-01-14T00:00:00,,loss,-0.75,-0.75,0,0,13039.5,12972.0,long
IS,2021-01-15T00:00:00,,win,0.9433,0.9433,0,0,12829.25,12929.25,short
IS,2021-01-18T00:00:00,,scratch,0.1118,0.1118,1,0,12831.25,12784.25,long
IS,2021-01-19T00:00:00,,loss,-0.75,-0.75,0,0,12846.0,12930.5,short
IS,2021-01-20T00:00:00,,win,0.9049,0.9049,0,0,13179.5,13121.0,long
IS,2021-01-21T00:00:00,,loss,-0.75,-0.75,0,0,13248.75,13343.75,short
IS,2021-01-22T00:00:00,,loss,-0.75,-0.75,0,0,13394.75,13327.75,long
IS,2021-01-25T00:00:00,,loss,-0.75,-0.75,0,0,13578.75,13496.25,long
IS,2021-01-26T00:00:00,,win,0.8818,0.8818,0,0,13462.75,13509.25,short
IS,2021-01-27T00:00:00,,loss,-0.75,-0.75,0,0,13114.25,13389.75,short
IS,2021-01-28T00:00:00,,loss,-0.75,-0.75,0,0,13217.5,13141.0,long
IS,2021-01-29T00:00:00,,win,0.9343,0.9343,0,0,13049.25,13135.25,short
IS,2021-02-01T00:00:00,,win,0.949,0.949,0,0,12991.25,13102.75,short
IS,2021-02-02T00:00:00,,win,0.9146,0.9146,0,0,13410.5,13345.0,long
IS,2021-02-03T00:00:00,,loss,-0.75,-0.75,0,0,13396.0,13548.0,short
IS,2021-02-04T00:00:00,,loss,-0.75,-0.75,0,0,13350.75,13480.25,short
IS,2021-02-05T00:00:00,,win,0.9188,0.9188,0,0,13524.0,13593.0,short
IS,2021-02-08T00:00:00,,loss,-0.75,-0.75,0,0,13711.5,13637.0,long
IS,2021-02-09T00:00:00,,win,0.9033,0.9033,0,0,13702.5,13645.0,long
IS,2021-02-10T00:00:00,,loss,-0.75,-0.75,0,0,13685.5,13762.0,short
IS,2021-02-11T00:00:00,,loss,-0.75,-0.75,0,0,13692.5,13735.0,short
IS,2021-02-12T00:00:00,,loss,-0.75,-0.75,0,0,13634.5,13695.5,short
IS,2021-02-15T00:00:00,,win,0.683,0.683,0,0,13863.75,13848.25,long
IS,2021-02-16T00:00:00,,loss,-0.75,-0.75,0,0,13780.25,13859.25,short
IS,2021-02-17T00:00:00,,loss,-0.75,-0.75,0,0,13701.0,13612.0,long
IS,2021-02-18T00:00:00,,loss,-0.75,-0.75,0,0,13587.5,13523.5,long
IS,2021-02-19T00:00:00,,loss,-0.75,-0.75,0,0,13625.75,13700.75,short
IS,2021-02-22T00:00:00,,loss,-0.75,-0.75,0,0,13476.0,13361.5,long
IS,2021-02-23T00:00:00,,win,0.9609,0.9609,0,0,12869.75,13016.25,short
IS,2021-02-24T00:00:00,,win,0.9517,0.9517,0,0,13002.25,13120.25,short
IS,2021-02-25T00:00:00,,loss,-0.75,-0.75,0,0,13325.75,13178.75,long
IS,2021-02-26T00:00:00,,loss,-0.75,-0.75,0,0,13055.25,12929.25,long
IS,2021-03-01T00:00:00,,loss,-0.75,-0.75,0,0,13031.25,13115.75,short
IS,2021-03-02T00:00:00,,win,0.9501,0.9501,0,0,13189.25,13303.25,short
IS,2021-03-03T00:00:00,,win,0.9413,0.9413,0,0,12955.5,13052.0,short
IS,2021-03-04T00:00:00,,loss,-0.75,-0.75,0,0,12847.5,12649.5,long
IS,2021-03-05T00:00:00,,win,0.9669,0.9669,0,0,12432.5,12606.0,short
IS,2021-03-08T00:00:00,,loss,-0.75,-0.75,0,0,12755.0,12535.0,long
IS,2021-03-09T00:00:00,,loss,-0.75,-0.75,0,0,12690.75,12589.25,long
IS,2021-03-10T00:00:00,,loss,-0.75,-0.75,0,0,12854.25,12969.25,short
IS,2021-03-11T00:00:00,,loss,-0.75,-0.75,0,0,12880.25,13006.75,short
IS,2021-03-12T00:00:00,,loss,-0.75,-0.75,0,0,12779.0,12874.0,short
IS,2021-03-15T00:00:00,,loss,-0.75,-0.75,0,0,12992.75,12890.75,long
IS,2021-03-16T00:00:00,,win,0.9466,0.9466,0,0,13238.75,13132.25,long
IS,2021-03-17T00:00:00,,loss,-0.75,-0.75,0,0,12925.75,13015.75,short
IS,2021-03-18T00:00:00,,win,0.9424,0.9424,0,0,12923.5,13022.0,short
IS,2021-03-19T00:00:00,,win,0.9603,0.9603,0,0,12693.0,12837.0,short
IS,2021-03-22T00:00:00,,win,0.9494,0.9494,0,0,13040.25,12927.75,long
IS,2021-03-23T00:00:00,,loss,-0.75,-0.75,0,0,13028.0,13119.5,short
IS,2021-03-24T00:00:00,,win,0.9236,0.9236,0,0,12999.0,13072.5,short
IS,2021-03-25T00:00:00,,win,0.949,0.949,0,0,12799.75,12688.25,long
IS,2021-03-26T00:00:00,,win,0.9368,0.9368,0,0,12843.5,12754.0,long
IS,2021-03-29T00:00:00,,loss,-0.75,-0.75,0,0,12991.0,12915.5,long
IS,2021-03-30T00:00:00,,loss,-0.75,-0.75,0,0,12767.5,12888.0,short
IS,2021-03-31T00:00:00,,win,0.9049,0.9049,0,0,13011.5,12953.0,long
IS,2021-04-01T00:00:00,,win,0.9241,0.9241,0,0,13315.5,13241.5,long
IS,2021-04-05T00:00:00,,win,0.9165,0.9165,0,0,13476.25,13409.25,long
IS,2021-04-06T00:00:00,,loss,-0.75,-0.75,0,0,13527.0,13574.5,short
IS,2021-04-07T00:00:00,,win,0.9407,0.9407,0,0,13608.5,13513.0,long
IS,2021-04-08T00:00:00,,loss,-0.75,-0.75,0,0,13771.25,13711.25,long
IS,2021-04-09T00:00:00,,loss,-0.75,-0.75,0,0,13656.25,13699.75,short
IS,2021-04-12T00:00:00,,loss,-0.75,-0.75,0,0,13816.0,13776.5,long
IS,2021-04-13T00:00:00,,win,0.8685,0.8685,0,0,13908.0,13866.5,long
IS,2021-04-14T00:00:00,,win,0.9378,0.9378,0,0,13897.5,13988.5,short
IS,2021-04-15T00:00:00,,loss,-0.75,-0.75,0,0,14010.25,13923.25,long
IS,2021-04-16T00:00:00,,loss,-0.75,-0.75,0,0,13907.0,14039.0,short
IS,2021-04-19T00:00:00,,loss,-0.75,-0.75,0,0,14063.75,13950.75,long
IS,2021-04-20T00:00:00,,loss,-0.75,-0.75,0,0,13939.5,13859.0,long
IS,2021-04-21T00:00:00,,win,0.9041,0.9041,0,0,13705.75,13763.75,short
IS,2021-04-22T00:00:00,,loss,-0.75,-0.75,0,0,13844.5,13912.0,short
IS,2021-04-23T00:00:00,,loss,-0.75,-0.75,0,0,13856.25,13775.75,long
IS,2021-04-26T00:00:00,,loss,-0.75,-0.75,0,0,13897.25,13947.25,short
IS,2021-04-27T00:00:00,,win,0.8917,0.8917,0,0,13983.75,14034.75,short
IS,2021-04-28T00:00:00,,loss,-0.75,-0.75,0,0,13860.5,13943.0,short
IS,2021-04-29T00:00:00,,win,0.9407,0.9407,0,0,13965.5,14061.0,short
IS,2021-04-30T00:00:00,,win,0.9265,0.9265,0,0,13916.75,13840.25,long
IS,2021-05-03T00:00:00,,win,0.9017,0.9017,0,0,13859.75,13916.25,short
IS,2021-05-04T00:00:00,,win,0.9612,0.9612,0,0,13549.0,13696.5,short
IS,2021-05-05T00:00:00,,loss,-0.75,-0.75,0,0,13587.5,13665.5,short
IS,2021-05-06T00:00:00,,loss,-0.75,-0.75,0,0,13544.5,13430.5,long
IS,2021-05-07T00:00:00,,win,0.9534,0.9534,0,0,13784.25,13661.75,long
IS,2021-05-10T00:00:00,,win,0.9697,0.9697,0,0,13467.75,13657.75,short
IS,2021-05-11T00:00:00,,win,0.9492,0.9492,0,0,13195.75,13083.75,long
IS,2021-05-12T00:00:00,,loss,-0.75,-0.75,0,0,13259.0,13120.5,long
IS,2021-05-13T00:00:00,,loss,-0.75,-0.75,0,0,13070.5,13166.0,short
IS,2021-05-14T00:00:00,,loss,-0.75,-0.75,0,0,13171.0,13256.5,short
IS,2021-05-17T00:00:00,,loss,-0.75,-0.75,0,0,13380.25,13263.25,long
IS,2021-05-18T00:00:00,,loss,-0.75,-0.75,0,0,13400.0,13313.5,long
IS,2021-05-19T00:00:00,,loss,-0.75,-0.75,0,0,13107.0,12969.5,long
IS,2021-05-20T00:00:00,,win,0.9418,0.9418,0,0,13379.0,13281.5,long
IS,2021-05-21T00:00:00,,win,0.9241,0.9241,0,0,13495.75,13569.75,short
IS,2021-05-24T00:00:00,,win,0.9413,0.9413,0,0,13589.5,13493.0,long
IS,2021-05-25T00:00:00,,win,0.9328,0.9328,0,0,13648.25,13732.25,short
IS,2021-05-26T00:00:00,,loss,-0.75,-0.75,0,0,13648.75,13708.75,short
IS,2021-05-27T00:00:00,,loss,-0.75,-0.75,0,0,13622.75,13695.25,short
IS,2021-05-28T00:00:00,,win,0.8685,0.8685,0,0,13737.25,13695.75,long
IS,2021-05-31T00:00:00,,win,0.7068,0.7068,0,0,13663.25,13680.25,short
IS,2021-06-01T00:00:00,,loss,-0.75,-0.75,0,0,13781.5,13740.5,long
IS,2021-06-02T00:00:00,,loss,-0.75,-0.75,0,0,13724.75,13651.25,long
IS,2021-06-03T00:00:00,,win,0.8937,0.8937,0,0,13518.75,13570.75,short
IS,2021-06-04T00:00:00,,win,0.9351,0.9351,0,0,13692.5,13605.5,long
IS,2021-06-07T00:00:00,,loss,-0.75,-0.75,0,0,13772.5,13726.5,long
IS,2021-06-08T00:00:00,,win,0.8655,0.8655,0,0,13903.5,13863.0,long
IS,2021-06-09T00:00:00,,loss,-0.75,-0.75,0,0,13912.5,13861.0,long
IS,2021-06-10T00:00:00,,win,0.9536,0.9536,0,0,13934.25,13811.25,long
IS,2021-06-11T00:00:00,,loss,-0.75,-0.75,0,0,13985.25,13932.75,long
IS,2021-06-15T00:00:00,,loss,-0.75,-0.75,0,0,14164.25,14063.25,long
IS,2021-06-17T00:00:00,,win,0.9401,0.9401,0,0,14026.5,13932.0,long
IS,2021-06-18T00:00:00,,loss,-0.75,-0.75,0,0,14199.0,14044.5,long
IS,2021-06-21T00:00:00,,loss,-0.75,-0.75,0,0,13916.25,14072.25,short
IS,2021-06-22T00:00:00,,loss,-0.75,-0.75,0,0,14196.75,14107.25,long
IS,2021-06-23T00:00:00,,loss,-0.75,-0.75,0,0,14338.75,14253.75,long
IS,2021-06-24T00:00:00,,win,0.8937,0.8937,0,0,14396.0,14344.0,long
IS,2021-06-25T00:00:00,,loss,-0.75,-0.75,0,0,14340.75,14390.75,short
IS,2021-06-28T00:00:00,,win,0.9485,0.9485,0,0,14501.5,14391.0,long
IS,2021-06-29T00:00:00,,loss,-0.75,-0.75,0,0,14551.5,14470.0,long
IS,2021-06-30T00:00:00,,loss,-0.75,-0.75,0,0,14496.75,14568.75,short
IS,2021-07-01T00:00:00,,loss,-0.75,-0.75,0,0,14605.5,14515.5,long
IS,2021-07-02T00:00:00,,loss,-0.75,-0.75,0,0,14669.25,14619.25,long
IS,2021-07-05T00:00:00,,win,0.595,0.595,0,0,14692.75,14704.25,short
IS,2021-07-06T00:00:00,,loss,-0.75,-0.75,0,0,14809.25,14738.75,long
IS,2021-07-07T00:00:00,,win,0.9525,0.9525,0,0,14763.75,14883.75,short
IS,2021-07-08T00:00:00,,loss,-0.75,-0.75,0,0,14683.5,14568.0,long
IS,2021-07-09T00:00:00,,loss,-0.75,-0.75,0,0,14643.5,14722.5,short
IS,2021-07-12T00:00:00,,win,0.8965,0.8965,0,0,14835.25,14888.75,short
IS,2021-07-13T00:00:00,,win,0.9114,0.9114,0,0,14913.0,14850.0,long
IS,2021-07-14T00:00:00,,loss,-0.75,-0.75,0,0,14912.75,14991.25,short
IS,2021-07-15T00:00:00,,loss,-0.75,-0.75,0,0,14764.5,14902.0,short
IS,2021-07-16T00:00:00,,win,0.9316,0.9316,0,0,14786.25,14868.75,short
IS,2021-07-19T00:00:00,,loss,-0.75,-0.75,0,0,14619.0,14489.5,long
IS,2021-07-20T00:00:00,,loss,-0.75,-0.75,0,0,14480.25,14601.25,short
IS,2021-07-21T00:00:00,,win,0.9146,0.9146,0,0,14757.5,14692.0,long
IS,2021-07-22T00:00:00,,win,0.9165,0.9165,0,0,14906.75,14839.75,long
IS,2021-07-23T00:00:00,,loss,-0.75,-0.75,0,0,14899.25,14994.25,short
IS,2021-07-26T00:00:00,,win,0.9283,0.9283,0,0,15118.75,15040.25,long
IS,2021-07-27T00:00:00,,win,0.9336,0.9336,0,0,15022.0,15107.0,short
IS,2021-07-28T00:00:00,,win,0.932,0.932,0,0,14939.5,15022.5,short
IS,2021-07-29T00:00:00,,win,0.9372,0.9372,0,0,15072.25,14982.25,long
IS,2021-07-30T00:00:00,,win,0.9456,0.9456,0,0,14970.5,14866.0,long
IS,2021-08-02T00:00:00,,win,0.9114,0.9114,0,0,14981.25,15044.25,short
IS,2021-08-03T00:00:00,,loss,-0.75,-0.75,0,0,14910.5,14998.5,short
IS,2021-08-04T00:00:00,,loss,-0.75,-0.75,0,0,15001.75,15066.75,short
IS,2021-08-05T00:00:00,,win,0.9171,0.9171,0,0,15140.25,15072.75,long
IS,2021-08-09T00:00:00,,win,0.8875,0.8875,0,0,15089.75,15138.75,short
IS,2021-08-10T00:00:00,,loss,-0.75,-0.75,0,0,15188.5,15119.5,long
IS,2021-08-11T00:00:00,,win,0.9265,0.9265,0,0,15042.5,15119.0,short
IS,2021-08-12T00:00:00,,win,0.9114,0.9114,0,0,14942.25,15005.25,short
IS,2021-08-16T00:00:00,,loss,-0.75,-0.75,0,0,15130.0,15076.5,long
IS,2021-08-17T00:00:00,,loss,-0.75,-0.75,0,0,15070.5,14971.5,long
IS,2021-08-18T00:00:00,,loss,-0.75,-0.75,0,0,15053.75,14964.25,long
IS,2021-08-19T00:00:00,,loss,-0.75,-0.75,0,0,14887.5,14763.5,long
IS,2021-08-20T00:00:00,,win,0.9241,0.9241,0,0,15033.25,14959.25,long
IS,2021-08-23T00:00:00,,win,0.9241,0.9241,0,0,15198.75,15124.75,long
IS,2021-08-24T00:00:00,,loss,-0.75,-0.75,0,0,15287.0,15353.5,short
IS,2021-08-26T00:00:00,,loss,-0.75,-0.75,0,0,15310.0,15360.0,short
IS,2021-08-27T00:00:00,,loss,-0.75,-0.75,0,0,15259.25,15332.25,short
IS,2021-08-30T00:00:00,,win,0.9265,0.9265,0,0,15531.75,15455.25,long
IS,2021-08-31T00:00:00,,loss,-0.75,-0.75,0,0,15477.5,15609.0,short
IS,2021-09-01T00:00:00,,loss,-0.75,-0.75,0,0,15712.0,15622.0,long
IS,2021-09-02T00:00:00,,loss,-0.75,-0.75,0,0,15637.5,15680.5,short
IS,2021-09-03T00:00:00,,win,0.9487,0.9487,0,0,15665.75,15554.75,long
IS,2021-09-06T00:00:00,,win,0.4886,0.4886,0,0,15695.25,15686.75,long
IS,2021-09-07T00:00:00,,loss,-0.75,-0.75,0,0,15590.5,15669.0,short
IS,2021-09-08T00:00:00,,loss,-0.75,-0.75,0,0,15587.5,15667.0,short
IS,2021-09-09T00:00:00,,loss,-0.75,-0.75,0,0,15676.75,15621.75,long
IS,2021-09-10T00:00:00,,win,0.9093,0.9093,0,0,15598.25,15659.75,short
IS,2021-09-13T00:00:00,,win,0.9246,0.9246,0,0,15483.0,15557.5,short
IS,2021-09-14T00:00:00,,win,0.9332,0.9332,0,0,15439.25,15523.75,short
IS,2021-09-15T00:00:00,,win,0.9492,0.9492,0,0,15321.25,15433.25,short
IS,2021-09-16T00:00:00,,win,0.9492,0.9492,0,0,15360.75,15472.75,short
IS,2021-09-17T00:00:00,,win,0.9416,0.9416,0,0,15387.75,15484.75,short
IS,2021-09-20T00:00:00,,loss,-0.75,-0.75,0,0,15250.25,15035.25,long
IS,2021-09-21T00:00:00,,loss,-0.75,-0.75,0,0,15168.5,15028.0,long
IS,2021-09-22T00:00:00,,loss,-0.75,-0.75,0,0,14976.0,15071.5,short
IS,2021-09-23T00:00:00,,win,0.9365,0.9365,0,0,15278.0,15189.0,long
IS,2021-09-24T00:00:00,,loss,-0.75,-0.75,0,0,15260.25,15189.75,long
IS,2021-09-27T00:00:00,,loss,-0.75,-0.75,0,0,15080.75,15214.75,short
IS,2021-09-28T00:00:00,,win,0.9496,0.9496,0,0,14918.25,15031.25,short
IS,2021-09-29T00:00:00,,loss,-0.75,-0.75,0,0,14749.75,14852.75,short
IS,2021-09-30T00:00:00,,loss,-0.75,-0.75,0,0,14922.75,14806.75,long
IS,2021-10-01T00:00:00,,win,0.9577,0.9577,0,0,14600.25,14735.25,short
IS,2021-10-04T00:00:00,,win,0.9416,0.9416,0,0,14623.0,14720.0,short
IS,2021-10-05T00:00:00,,loss,-0.75,-0.75,0,0,14623.0,14505.0,long
IS,2021-10-06T00:00:00,,win,0.9456,0.9456,0,0,14615.75,14511.25,long
IS,2021-10-07T00:00:00,,loss,-0.75,-0.75,0,0,15011.25,14859.25,long
IS,2021-10-08T00:00:00,,win,0.9619,0.9619,0,0,14792.75,14943.25,short
IS,2021-10-11T00:00:00,,win,0.9569,0.9569,0,0,14854.0,14721.5,long
IS,2021-10-12T00:00:00,,win,0.9616,0.9616,0,0,14629.75,14778.75,short
IS,2021-10-13T00:00:00,,loss,-0.75,-0.75,0,0,14818.75,14717.75,long
IS,2021-10-14T00:00:00,,win,0.9159,0.9159,0,0,14960.25,14893.75,long
IS,2021-10-15T00:00:00,,loss,-0.75,-0.75,0,0,15151.25,15049.25,long
IS,2021-10-18T00:00:00,,loss,-0.75,-0.75,0,0,15027.0,15092.5,short
IS,2021-10-19T00:00:00,,loss,-0.75,-0.75,0,0,15369.5,15305.0,long
IS,2021-10-20T00:00:00,,loss,-0.75,-0.75,0,0,15387.0,15429.5,short
IS,2021-10-21T00:00:00,,win,0.9134,0.9134,0,0,15398.75,15334.25,long
IS,2021-10-22T00:00:00,,loss,-0.75,-0.75,0,0,15471.0,15404.5,long
IS,2021-10-25T00:00:00,,win,0.9287,0.9287,0,0,15353.5,15432.5,short
IS,2021-10-26T00:00:00,,win,0.9459,0.9459,0,0,15685.25,15580.25,long
IS,2021-10-27T00:00:00,,win,0.9221,0.9221,0,0,15637.75,15565.75,long
IS,2021-10-28T00:00:00,,loss,-0.75,-0.75,0,0,15620.25,15687.25,short
IS,2021-10-29T00:00:00,,win,0.9255,0.9255,0,0,15691.5,15616.0,long
IS,2021-11-01T00:00:00,,win,0.9291,0.9291,0,0,15789.0,15868.5,short
IS,2021-11-02T00:00:00,,win,0.8917,0.8917,0,0,15915.25,15864.25,long
IS,2021-11-03T00:00:00,,loss,-0.75,-0.75,0,0,15905.5,15997.5,short
IS,2021-11-04T00:00:00,,win,0.8927,0.8927,0,0,16208.5,16157.0,long
IS,2021-11-05T00:00:00,,loss,-0.75,-0.75,0,0,16464.75,16390.25,long
IS,2021-11-08T00:00:00,,loss,-0.75,-0.75,0,0,16421.25,16332.25,long
IS,2021-11-09T00:00:00,,win,0.9079,0.9079,0,0,16331.25,16391.75,short
IS,2021-11-10T00:00:00,,win,0.958,0.958,0,0,16177.5,16041.5,long
IS,2021-11-11T00:00:00,,loss,-0.75,-0.75,0,0,16038.5,16110.5,short
IS,2021-11-12T00:00:00,,win,0.9057,0.9057,0,0,16019.0,16078.0,short
IS,2021-11-15T00:00:00,,loss,-0.75,-0.75,0,0,16282.0,16213.0,long
IS,2021-11-16T00:00:00,,win,0.9469,0.9469,0,0,16256.0,16149.0,long
IS,2021-11-17T00:00:00,,loss,-0.75,-0.75,0,0,16262.0,16322.5,short
IS,2021-11-18T00:00:00,,loss,-0.75,-0.75,0,0,16452.0,16353.5,long
IS,2021-11-19T00:00:00,,win,0.9354,0.9354,0,0,16603.75,16516.25,long
IS,2021-11-22T00:00:00,,win,0.9358,0.9358,0,0,16726.25,16638.25,long
IS,2021-11-23T00:00:00,,win,0.9534,0.9534,0,0,16408.25,16285.75,long
IS,2021-11-24T00:00:00,,loss,-0.75,-0.75,0,0,16065.5,16208.0,short
IS,2021-11-25T00:00:00,,win,0.7657,0.7657,0,0,16402.25,16380.25,long
IS,2021-11-26T00:00:00,,loss,-0.75,-0.75,0,0,16360.0,16234.0,long
IS,2021-11-29T00:00:00,,loss,-0.75,-0.75,0,0,16344.75,16217.75,long
IS,2021-11-30T00:00:00,,win,0.9404,0.9404,0,0,16420.0,16325.0,long
IS,2021-12-01T00:00:00,,loss,-0.75,-0.75,0,0,16425.75,16282.75,long
IS,2021-12-02T00:00:00,,win,0.967,0.967,0,0,15961.0,15787.0,long
IS,2021-12-03T00:00:00,,win,0.9639,0.9639,0,0,15931.75,16090.75,short
IS,2021-12-06T00:00:00,,loss,-0.75,-0.75,0,0,15488.75,15760.75,short
IS,2021-12-07T00:00:00,,loss,-0.75,-0.75,0,0,16204.5,16119.0,long
IS,2021-12-08T00:00:00,,loss,-0.75,-0.75,0,0,16414.5,16254.0,long
IS,2021-12-09T00:00:00,,loss,-0.75,-0.75,0,0,16445.75,16334.75,long
IS,2021-12-10T00:00:00,,loss,-0.75,-0.75,0,0,16195.0,16320.5,short
IS,2021-12-13T00:00:00,,loss,-0.75,-0.75,0,0,16223.5,16340.0,short
IS,2021-12-14T00:00:00,,loss,-0.75,-0.75,0,0,16010.75,15856.25,long
IS,2021-12-15T00:00:00,,loss,-0.75,-0.75,0,0,15803.75,15927.75,short
IS,2021-12-16T00:00:00,,win,0.943,0.943,0,0,16233.25,16332.75,short
IS,2021-12-17T00:00:00,,loss,-0.75,-0.75,0,0,15585.75,15791.75,short
IS,2021-12-20T00:00:00,,loss,-0.75,-0.75,0,0,15670.25,15542.75,long
IS,2021-12-21T00:00:00,,win,0.9404,0.9404,0,0,15703.75,15798.75,short
IS,2021-12-22T00:00:00,,win,0.9241,0.9241,0,0,16007.75,15933.75,long
IS,2021-12-23T00:00:00,,loss,-0.75,-0.75,0,0,16260.5,16176.5,long
IS,2021-12-27T00:00:00,,win,0.9598,0.9598,0,0,16487.0,16344.5,long
IS,2021-12-28T00:00:00,,win,0.9476,0.9476,0,0,16503.0,16611.5,short
IS,2021-12-29T00:00:00,,loss,-0.75,-0.75,0,0,16441.25,16545.25,short
IS,2021-12-30T00:00:00,,loss,-0.75,-0.75,0,0,16415.25,16509.75,short
IS,2021-12-31T00:00:00,,win,0.9473,0.9473,0,0,16351.75,16459.75,short
IS,2022-01-03T00:00:00,,loss,-0.75,-0.75,0,0,16520.0,16378.5,long
IS,2022-01-04T00:00:00,,loss,-0.75,-0.75,0,0,16424.25,16512.25,short
IS,2022-01-05T00:00:00,,loss,-0.75,-0.75,0,0,16320.5,16113.5,long
IS,2022-01-06T00:00:00,,loss,-0.75,-0.75,0,0,15922.5,15672.0,long
IS,2022-01-07T00:00:00,,loss,-0.75,-0.75,0,0,15623.75,15777.75,short
IS,2022-01-10T00:00:00,,win,0.9724,0.9724,0,0,15206.5,15415.0,short
IS,2022-01-11T00:00:00,,loss,-0.75,-0.75,0,0,15648.75,15507.75,long
IS,2022-01-12T00:00:00,,loss,-0.75,-0.75,0,0,15860.0,15992.5,short
IS,2022-01-13T00:00:00,,loss,-0.75,-0.75,0,0,15896.0,15967.5,short
IS,2022-01-14T00:00:00,,win,0.9634,0.9634,0,0,15536.25,15379.75,long
IS,2022-01-17T00:00:00,,loss,-0.75,-0.75,0,0,15563.75,15609.75,short
IS,2022-01-18T00:00:00,,loss,-0.75,-0.75,0,0,15208.5,15372.0,short
IS,2022-01-19T00:00:00,,loss,-0.75,-0.75,0,0,15377.25,15254.25,long
IS,2022-01-20T00:00:00,,win,0.9538,0.9538,0,0,15284.0,15160.5,long
IS,2022-01-21T00:00:00,,win,0.9744,0.9744,0,0,14593.75,14818.75,short
IS,2022-01-24T00:00:00,,loss,-0.75,-0.75,0,0,14314.0,14142.0,long
IS,2022-01-25T00:00:00,,loss,-0.75,-0.75,0,0,14347.5,14184.0,long
IS,2022-01-26T00:00:00,,loss,-0.75,-0.75,0,0,14316.75,14499.75,short
IS,2022-01-27T00:00:00,,loss,-0.75,-0.75,0,0,14203.75,14346.75,short
IS,2022-01-28T00:00:00,,loss,-0.75,-0.75,0,0,13833.25,14102.25,short
IS,2022-01-31T00:00:00,,win,0.9728,0.9728,0,0,14628.25,14416.25,long
IS,2022-02-01T00:00:00,,win,0.9669,0.9669,0,0,14778.5,14952.0,short
IS,2022-02-02T00:00:00,,loss,-0.75,-0.75,0,0,15253.0,15092.0,long
IS,2022-02-03T00:00:00,,loss,-0.75,-0.75,0,0,14811.25,14677.25,long
IS,2022-02-04T00:00:00,,loss,-0.75,-0.75,0,0,14343.5,14565.5,short
IS,2022-02-07T00:00:00,,win,0.949,0.949,0,0,14781.75,14670.25,long
IS,2022-02-08T00:00:00,,loss,-0.75,-0.75,0,0,14627.0,14501.0,long
IS,2022-02-09T00:00:00,,loss,-0.75,-0.75,0,0,14984.5,14888.5,long
IS,2022-02-10T00:00:00,,win,0.9509,0.9509,0,0,14851.25,14735.25,long
IS,2022-02-11T00:00:00,,loss,-0.75,-0.75,0,0,14644.5,14750.5,short
IS,2022-02-14T00:00:00,,win,0.9643,0.9643,0,0,14342.75,14182.25,long
IS,2022-02-15T00:00:00,,loss,-0.75,-0.75,0,0,14569.75,14446.25,long
IS,2022-02-16T00:00:00,,win,0.9394,0.9394,0,0,14422.5,14516.0,short
IS,2022-02-17T00:00:00,,loss,-0.75,-0.75,0,0,14522.75,14448.75,long
IS,2022-02-18T00:00:00,,loss,-0.75,-0.75,0,0,14079.75,14218.25,short
IS,2022-02-21T00:00:00,,win,0.883,0.883,0,0,13837.0,13884.0,short
IS,2022-02-22T00:00:00,,win,0.955,0.955,0,0,13997.0,13870.0,long
IS,2022-02-23T00:00:00,,loss,-0.75,-0.75,0,0,13926.0,14026.0,short
IS,2022-02-24T00:00:00,,win,0.9816,0.9816,0,0,13372.75,13058.75,long
IS,2022-02-25T00:00:00,,loss,-0.75,-0.75,0,0,13836.5,14001.5,short
IS,2022-02-28T00:00:00,,loss,-0.75,-0.75,0,0,13958.5,14107.5,short
IS,2022-03-01T00:00:00,,loss,-0.75,-0.75,0,0,14288.5,14153.5,long
IS,2022-03-02T00:00:00,,loss,-0.75,-0.75,0,0,13954.0,14088.5,short
IS,2022-03-03T00:00:00,,win,0.9464,0.9464,0,0,14248.5,14354.5,short
IS,2022-03-04T00:00:00,,win,0.9418,0.9418,0,0,13885.25,13982.75,short
IS,2022-03-07T00:00:00,,loss,-0.75,-0.75,0,0,13737.25,13879.75,short
IS,2022-03-08T00:00:00,,loss,-0.75,-0.75,0,0,13395.25,13235.25,long
IS,2022-03-09T00:00:00,,loss,-0.75,-0.75,0,0,13475.25,13621.25,short
IS,2022-03-10T00:00:00,,loss,-0.75,-0.75,0,0,13417.5,13579.0,short
IS,2022-03-11T00:00:00,,win,0.9534,0.9534,0,0,13601.5,13724.0,short
IS,2022-03-14T00:00:00,,loss,-0.75,-0.75,0,0,13148.0,13288.0,short
IS,2022-03-15T00:00:00,,win,0.9507,0.9507,0,0,13092.75,13208.25,short
IS,2022-03-16T00:00:00,,win,0.9388,0.9388,0,0,13704.5,13612.0,long
IS,2022-03-17T00:00:00,,win,0.9597,0.9597,0,0,13961.0,13819.0,long
IS,2022-03-18T00:00:00,,win,0.959,0.959,0,0,14134.75,13995.25,long
IS,2022-03-21T00:00:00,,win,0.943,0.943,0,0,14458.25,14358.75,long
IS,2022-03-22T00:00:00,,win,0.9517,0.9517,0,0,14492.5,14374.5,long
IS,2022-03-23T00:00:00,,loss,-0.75,-0.75,0,0,14438.5,14546.5,short
IS,2022-03-24T00:00:00,,loss,-0.75,-0.75,0,0,14442.75,14528.75,short
IS,2022-03-25T00:00:00,,loss,-0.75,-0.75,0,0,14696.5,14788.5,short
IS,2022-03-28T00:00:00,,win,0.9561,0.9561,0,0,14880.0,14750.0,long
IS,2022-03-29T00:00:00,,win,0.9654,0.9654,0,0,15053.5,15219.5,short
IS,2022-03-30T00:00:00,,loss,-0.75,-0.75,0,0,15135.5,15194.0,short
IS,2022-03-31T00:00:00,,win,0.9531,0.9531,0,0,14968.5,15090.0,short
IS,2022-04-01T00:00:00,,win,0.9407,0.9407,0,0,14836.5,14932.0,short
IS,2022-04-04T00:00:00,,win,0.926,0.926,0,0,14960.0,14884.0,long
IS,2022-04-05T00:00:00,,win,0.9287,0.9287,0,0,15056.5,15135.5,short
IS,2022-04-06T00:00:00,,win,0.9454,0.9454,0,0,14539.5,14643.5,short
IS,2022-04-07T00:00:00,,loss,-0.75,-0.75,0,0,14623.5,14459.5,long
IS,2022-04-08T00:00:00,,win,0.9609,0.9609,0,0,14330.25,14476.75,short
IS,2022-04-11T00:00:00,,loss,-0.75,-0.75,0,0,14053.5,14178.0,short
IS,2022-04-12T00:00:00,,loss,-0.75,-0.75,0,0,14071.75,14202.25,short
IS,2022-04-13T00:00:00,,win,0.9381,0.9381,0,0,14013.0,13921.5,long
IS,2022-04-14T00:00:00,,win,0.9231,0.9231,0,0,14159.0,14232.0,short
IS,2022-04-18T00:00:00,,loss,-0.75,-0.75,0,0,13765.75,13931.75,short
IS,2022-04-19T00:00:00,,loss,-0.75,-0.75,0,0,13780.75,13924.75,short
IS,2022-04-20T00:00:00,,win,0.9552,0.9552,0,0,14142.25,14269.75,short
IS,2022-04-21T00:00:00,,loss,-0.75,-0.75,0,0,14369.5,14163.5,long
IS,2022-04-22T00:00:00,,win,0.9601,0.9601,0,0,13634.0,13777.5,short
IS,2022-04-25T00:00:00,,loss,-0.75,-0.75,0,0,13380.75,13261.75,long
IS,2022-04-26T00:00:00,,win,0.9658,0.9658,0,0,13282.75,13450.75,short
IS,2022-04-27T00:00:00,,win,0.9735,0.9735,0,0,13226.75,13009.25,long
IS,2022-04-28T00:00:00,,win,0.966,0.966,0,0,13111.5,13280.5,short
IS,2022-04-29T00:00:00,,loss,-0.75,-0.75,0,0,13481.0,13226.0,long
IS,2022-05-02T00:00:00,,loss,-0.75,-0.75,0,0,12725.5,12890.0,short
IS,2022-05-03T00:00:00,,loss,-0.75,-0.75,0,0,12925.0,13080.5,short
IS,2022-05-04T00:00:00,,loss,-0.75,-0.75,0,0,13014.25,13114.25,short
IS,2022-05-05T00:00:00,,win,0.9617,0.9617,0,0,13197.0,13346.5,short
IS,2022-05-06T00:00:00,,win,0.9739,0.9739,0,0,12572.0,12792.5,short
IS,2022-05-09T00:00:00,,loss,-0.75,-0.75,0,0,12585.25,12419.25,long
IS,2022-05-10T00:00:00,,win,0.9613,0.9613,0,0,12399.25,12547.25,short
IS,2022-05-11T00:00:00,,loss,-0.75,-0.75,0,0,12040.0,12321.0,short
IS,2022-05-12T00:00:00,,loss,-0.75,-0.75,0,0,11596.25,11874.75,short
IS,2022-05-13T00:00:00,,loss,-0.75,-0.75,0,0,12015.5,12165.0,short
IS,2022-05-16T00:00:00,,loss,-0.75,-0.75,0,0,12179.25,12334.75,short
IS,2022-05-17T00:00:00,,loss,-0.75,-0.75,0,0,12580.5,12457.0,long
IS,2022-05-18T00:00:00,,win,0.9397,0.9397,0,0,12303.0,12397.0,short
IS,2022-05-19T00:00:00,,loss,-0.75,-0.75,0,0,12013.0,11864.5,long
IS,2022-05-20T00:00:00,,loss,-0.75,-0.75,0,0,11926.75,12053.25,short
IS,2022-05-23T00:00:00,,loss,-0.75,-0.75,0,0,11788.75,11903.25,short
IS,2022-05-24T00:00:00,,win,0.9552,0.9552,0,0,11720.25,11847.75,short
IS,2022-05-25T00:00:00,,win,0.9674,0.9674,0,0,11884.0,11708.0,long
IS,2022-05-26T00:00:00,,win,0.9665,0.9665,0,0,12070.5,11899.0,long
IS,2022-05-27T00:00:00,,win,0.9586,0.9586,0,0,12539.75,12401.75,long
IS,2022-05-30T00:00:00,,loss,-0.75,-0.75,0,0,12794.5,12755.5,long
IS,2022-05-31T00:00:00,,loss,-0.75,-0.75,0,0,12470.75,12688.75,short
IS,2022-06-01T00:00:00,,loss,-0.75,-0.75,0,0,12866.5,12731.0,long
IS,2022-06-02T00:00:00,,win,0.9647,0.9647,0,0,12604.75,12442.25,long
IS,2022-06-03T00:00:00,,loss,-0.75,-0.75,0,0,12567.25,12716.75,short
IS,2022-06-06T00:00:00,,win,0.9421,0.9421,0,0,12687.25,12785.25,short
IS,2022-06-07T00:00:00,,win,0.9605,0.9605,0,0,12557.0,12412.0,long
IS,2022-06-08T00:00:00,,win,0.9531,0.9531,0,0,12749.0,12627.5,long
IS,2022-06-09T00:00:00,,loss,-0.75,-0.75,0,0,12440.0,12598.5,short
IS,2022-06-10T00:00:00,,loss,-0.75,-0.75,0,0,11861.0,12090.0,short
IS,2022-06-13T00:00:00,,loss,-0.75,-0.75,0,0,11674.25,11491.25,long
IS,2022-06-14T00:00:00,,win,0.9503,0.9503,0,0,11328.0,11442.5,short
IS,2022-06-15T00:00:00,,win,0.9461,0.9461,0,0,11572.0,11466.5,long
IS,2022-06-16T00:00:00,,loss,-0.75,-0.75,0,0,11202.5,11350.0,short
IS,2022-06-17T00:00:00,,loss,-0.75,-0.75,0,0,11378.75,11184.75,long
IS,2022-06-20T00:00:00,,loss,-0.75,-0.75,0,0,11303.0,11376.0,short
IS,2022-06-21T00:00:00,,win,0.9469,0.9469,0,0,11582.75,11475.75,long
IS,2022-06-22T00:00:00,,win,0.9645,0.9645,0,0,11608.0,11446.5,long
IS,2022-06-23T00:00:00,,win,0.9561,0.9561,0,0,11553.75,11683.75,short
IS,2022-06-24T00:00:00,,win,0.9584,0.9584,0,0,11976.0,11838.5,long
OOS,2026-01-02T00:00:00,,loss,-0.75,-0.75,0,0,25574.5,25733.5,short
OOS,2026-01-05T00:00:00,,loss,-0.75,-0.75,0,0,25489.25,25673.25,short
OOS,2026-01-06T00:00:00,,loss,-0.75,-0.75,0,0,25587.0,25675.5,short
OOS,2026-01-07T00:00:00,,win,0.9454,0.9454,0,0,25874.75,25770.75,long
OOS,2026-01-08T00:00:00,,win,0.9739,0.9739,0,0,25581.75,25802.75,short
OOS,2026-01-09T00:00:00,,win,0.9575,0.9575,0,0,25782.75,25648.25,long
OOS,2026-01-12T00:00:00,,win,0.9752,0.9752,0,0,25976.75,25743.75,long
OOS,2026-01-13T00:00:00,,loss,-0.75,-0.75,0,0,26045.25,25930.75,long
OOS,2026-01-14T00:00:00,,win,0.9761,0.9761,0,0,25547.0,25788.5,short
OOS,2026-01-15T00:00:00,,loss,-0.75,-0.75,0,0,25815.25,25946.75,short
OOS,2026-01-16T00:00:00,,win,0.9503,0.9503,0,0,25776.75,25891.25,short
OOS,2026-01-19T00:00:00,,loss,-0.75,-0.75,0,0,25219.5,25298.0,short
OOS,2026-01-20T00:00:00,,loss,-0.75,-0.75,0,0,25462.0,25232.5,long
OOS,2026-01-21T00:00:00,,loss,-0.75,-0.75,0,0,25076.0,25223.0,short
OOS,2026-01-22T00:00:00,,win,0.958,0.958,0,0,25596.25,25732.25,short
OOS,2026-01-23T00:00:00,,loss,-0.75,-0.75,0,0,25517.75,25652.75,short
OOS,2026-01-26T00:00:00,,win,0.9603,0.9603,0,0,25848.25,25704.25,long
OOS,2026-01-27T00:00:00,,loss,-0.75,-0.75,0,0,25898.0,26012.5,short
OOS,2026-01-28T00:00:00,,loss,-0.75,-0.75,0,0,26170.5,26289.0,short
OOS,2026-01-29T00:00:00,,win,0.9697,0.9697,0,0,25987.25,26177.25,short
OOS,2026-01-30T00:00:00,,loss,-0.75,-0.75,0,0,26021.5,25813.0,long
OOS,2026-02-02T00:00:00,,win,0.9776,0.9776,0,0,25797.75,25540.25,long
OOS,2026-02-03T00:00:00,,win,0.9747,0.9747,0,0,25724.5,25952.5,short
OOS,2026-02-04T00:00:00,,win,0.9815,0.9815,0,0,25073.0,25386.5,short
OOS,2026-02-05T00:00:00,,loss,-0.75,-0.75,0,0,24978.75,24651.75,long
OOS,2026-02-06T00:00:00,,loss,-0.75,-0.75,0,0,25074.0,24700.5,long
OOS,2026-02-09T00:00:00,,win,0.976,0.976,0,0,25195.5,24955.5,long
OOS,2026-02-10T00:00:00,,win,0.9556,0.9556,0,0,25281.75,25410.25,short
OOS,2026-02-11T00:00:00,,win,0.9709,0.9709,0,0,25268.0,25465.5,short
OOS,2026-02-12T00:00:00,,win,0.9545,0.9545,0,0,25252.0,25377.5,short
OOS,2026-02-13T00:00:00,,win,0.9736,0.9736,0,0,24582.0,24800.0,short
OOS,2026-02-16T00:00:00,,win,0.9153,0.9153,0,0,24711.0,24777.0,short
OOS,2026-02-17T00:00:00,,loss,-0.75,-0.75,0,0,24917.75,24605.75,long
OOS,2026-02-18T00:00:00,,win,0.9651,0.9651,0,0,24916.5,24752.0,long
OOS,2026-02-19T00:00:00,,loss,-0.75,-0.75,0,0,24743.25,24883.25,short
OOS,2026-02-20T00:00:00,,win,0.9798,0.9798,0,0,24962.5,24677.0,long
OOS,2026-02-23T00:00:00,,loss,-0.75,-0.75,0,0,24900.0,25040.0,short
OOS,2026-02-24T00:00:00,,win,0.9754,0.9754,0,0,24943.25,24708.75,long
OOS,2026-02-25T00:00:00,,win,0.9675,0.9675,0,0,25333.25,25156.75,long
OOS,2026-02-26T00:00:00,,win,0.9668,0.9668,0,0,25169.0,25342.0,short
OOS,2026-02-27T00:00:00,,loss,-0.75,-0.75,0,0,24703.0,24904.5,short
OOS,2026-03-02T00:00:00,,win,0.9881,0.9881,0,0,25094.75,24605.25,long
OOS,2026-03-03T00:00:00,,loss,-0.75,-0.75,0,0,24738.5,24516.0,long
OOS,2026-03-04T00:00:00,,loss,-0.75,-0.75,0,0,25101.75,24837.25,long
OOS,2026-03-05T00:00:00,,win,0.9739,0.9739,0,0,25206.25,24985.25,long
OOS,2026-03-06T00:00:00,,loss,-0.75,-0.75,0,0,24571.75,24732.25,short
OOS,2026-03-09T00:00:00,,win,0.9729,0.9729,0,0,24313.5,24526.0,short
OOS,2026-03-10T00:00:00,,win,0.9682,0.9682,0,0,24900.0,25081.0,short
OOS,2026-03-11T00:00:00,,loss,-0.75,-0.75,0,0,25164.5,25035.0,long
OOS,2026-03-12T00:00:00,,win,0.9675,0.9675,0,0,24653.25,24830.25,short
OOS,2026-03-13T00:00:00,,loss,-0.75,-0.75,0,0,24572.0,24701.5,short
OOS,2026-03-16T00:00:00,,loss,-0.75,-0.75,0,0,25008.75,24836.25,long
OOS,2026-03-17T00:00:00,,loss,-0.75,-0.75,0,0,25182.25,24964.25,long
OOS,2026-03-18T00:00:00,,loss,-0.75,-0.75,0,0,25018.75,24903.75,long
OOS,2026-03-19T00:00:00,,win,0.9712,0.9712,0,0,24529.25,24329.25,long
OOS,2026-03-20T00:00:00,,loss,-0.75,-0.75,0,0,24274.0,24491.0,short
OOS,2026-03-23T00:00:00,,win,0.9679,0.9679,0,0,24611.5,24432.5,long
OOS,2026-03-24T00:00:00,,loss,-0.75,-0.75,0,0,24134.0,24317.0,short
OOS,2026-03-25T00:00:00,,loss,-0.75,-0.75,0,0,24531.0,24426.0,long
OOS,2026-03-26T00:00:00,,loss,-0.75,-0.75,0,0,24018.0,24156.5,short
OOS,2026-03-27T00:00:00,,loss,-0.75,-0.75,0,0,23448.25,23664.25,short
OOS,2026-03-30T00:00:00,,win,0.9647,0.9647,0,0,23375.5,23538.0,short
OOS,2026-03-31T00:00:00,,win,0.9646,0.9646,0,0,23540.75,23378.75,long
OOS,2026-04-01T00:00:00,,loss,-0.75,-0.75,0,0,24283.5,24043.5,long
OOS,2026-04-02T00:00:00,,win,0.9496,0.9496,0,0,23706.0,23819.0,short
OOS,2026-04-06T00:00:00,,loss,-0.75,-0.75,0,0,24157.5,24370.0,short
OOS,2026-04-08T00:00:00,,win,0.9758,0.9758,0,0,25013.25,25251.75,short
OOS,2026-04-09T00:00:00,,loss,-0.75,-0.75,0,0,24930.5,25107.0,short
OOS,2026-04-10T00:00:00,,loss,-0.75,-0.75,0,0,25241.0,25372.0,short
OOS,2026-04-14T00:00:00,,win,0.96,0.96,0,0,25798.75,25655.75,long
OOS,2026-04-16T00:00:00,,win,0.9668,0.9668,0,0,26280.5,26453.5,short
OOS,2026-04-21T00:00:00,,loss,-0.75,-0.75,0,0,26939.0,26737.5,long
OOS,2026-04-22T00:00:00,,win,0.964,0.964,0,0,26972.5,26813.0,long
OOS,2026-04-23T00:00:00,,win,0.9471,0.9471,0,0,27071.5,26964.0,long
OOS,2026-04-24T00:00:00,,loss,-0.75,-0.75,0,0,27312.25,27178.75,long
OOS,2026-04-28T00:00:00,,loss,-0.75,-0.75,0,0,27256.25,27069.25,long
OOS,2026-04-30T00:00:00,,win,0.9805,0.9805,0,0,27194.75,27490.75,short
OOS,2026-05-04T00:00:00,,loss,-0.75,-0.75,0,0,27948.75,27810.25,long
OOS,2026-05-05T00:00:00,,win,0.9531,0.9531,0,0,28092.0,27970.5,long
OOS,2026-05-07T00:00:00,,loss,-0.75,-0.75,0,0,28669.75,28773.75,short
OOS,2026-05-12T00:00:00,,loss,-0.75,-0.75,0,0,29309.75,29145.75,long
OOS,2026-05-14T00:00:00,,win,0.9707,0.9707,0,0,29650.5,29454.0,long
OOS,2026-05-15T00:00:00,,loss,-0.75,-0.75,0,0,29085.25,29291.75,short
OOS,2026-05-19T00:00:00,,loss,-0.75,-0.75,0,0,29155.25,28843.75,long
OOS,2026-05-21T00:00:00,,loss,-0.75,-0.75,0,0,29360.75,29172.25,long
OOS,2026-05-22T00:00:00,,loss,-0.75,-0.75,0,0,29785.5,29531.5,long
OOS,2026-05-28T00:00:00,,loss,-0.75,-0.75,0,0,29897.0,30112.5,short
